0.0017826491975145
0.0020218482250449
0.0028174035264260
0.0042847446185931
0.0062981774128499
0.0050198975973855
0.0072894413058131
0.0073974845034059
0.0076256184874222
0.0077321678436045
0.0087337847839733
0.0114915706270801
0.0095653561919766
0.0116831059622034
0.0119068706463589
0.0123065793944088
0.0125778364076176
0.0128290578782694
0.0128604020051939
0.0128808454670388
0.0131403300972378
0.0133310076842695
0.0137028046947451
0.0138416076143466
0.0140574402241304
0.0146124167435860
0.0151229910622924
0.0161594292224196
0.0156431514842637
0.0162084605620282
0.0165589293542127
0.0166774252507265
0.0169038577083982
0.0169372758906974
0.0176781220443911
0.0183029016565079
0.0192011655397719
0.0189548861323646
0.0194401857533679
0.0195977473722760
0.0200031176302597
0.0200035297404991
0.0203591887933943
0.0207659057438215
0.0218663192455966
0.0215306677955811
0.0219213217598951
0.0233153211992771
0.0235977047232900
0.0236767782008633
0.0238200966379699
0.0258340556294816
0.0245072720686473
0.0268726982301440
0.0288208490371801
0.0291856210814722
0.0294829514014921
0.0306323194087633
0.0300234439922606
0.0309250643620850
0.0315652573628189
0.0313885174837841
0.0324019752593720
0.0327359321679622
0.0333551159283869
0.0348540586581705
0.0340313897626621
0.0352665158152890
0.0352759966791030
0.0354653499254330
0.0369319850750882
0.0379106705253528
0.0378256309953638
0.0382329328163680
0.0383913777947386
0.0387278958404101
0.0407661092657438
0.0407797517444844
0.0408036201450991
0.0408819834892088
0.0418371604950340
0.0418628673264118
0.0419905656212897
0.0430840403042194
0.0433135852419369
0.0434059519522851
0.0443263924887061
0.0445509753397438
0.0453199544201232
0.0461935675918095
0.0467623518997628
0.0473996894654816
0.0479244701787478
0.0497319912769515
0.0505827255782591
0.0483985920662054
0.0507432562535364
0.0510392710804191
0.0524379597289664
0.0526463110245049
0.0531980884509152
0.0537534542632072
0.0542461495167791
0.0547538609498897
0.0554594542158113
0.0556219714021413
0.0571136405026138
0.0559482933282611
0.0571298818370001
0.0577956680477577
0.0581362340870016
0.0594300963261305
0.0585375507634774
0.0595537941248872
0.0595751023197431
0.0596526577415190
0.0608477066554351
0.0639956868551651
0.0628984920042094
0.0637935521378152
0.0645326180684066
0.0652191690472975
0.0658421647110219
0.0658599543691892
0.0659101885119035
0.0661361967521423
0.0682291086149538
0.0682688812111825
0.0683973259611043
0.0688209915854135
0.0695704180139911
0.0705381688059020
0.0716717760412357
0.0740999458702747
0.0747796330017874
0.0735584907576248
0.0748202950110754
0.0753515088350286
0.0762844407354875
0.0767261195353820
0.0768818310819947
0.0771776624383301
0.0769683467582652
0.0787738869333518
0.0792478272129073
0.0788892042259170
0.0793030867722365
0.0793898357448121
0.0795038575676753
0.0798832597582989
0.0808097795028285
0.0802621161938934
0.0821148492778255
0.0808693538796480
0.0809536329847545
0.0822178055915133
0.0826750556392013
0.0842846041006430
0.0852301782393969
0.0858037728284503
0.0858924389285466
0.0869048429126408
0.0882179458105089
0.0885729948471175
0.0890256041144140
0.0892881309098043
0.0895947670049941
0.0900048083113529
0.0911633912898430
0.0917587909343461
0.0920255999509364
0.0923363808972465
0.0927032661124613
0.0931474296809861
0.0931815538057972
0.0936077079240269
0.0941780042341808
0.0947316838869507
0.0948559386166073
0.0949072475055732
0.0951193422522020
0.0953401248414722
0.0956863002365857
0.0963467588165527
0.0957723800538910
0.0962848626525536
0.0964059881383581
0.0971995727611704
0.0991969868071363
0.0992056718558099
0.0997002334798222
0.1002725945321250
0.1004334935454808
0.1011347896890411
0.1026201756217611
0.1018777718310607
0.1026623845578462
0.1023748140327515
0.1030685301418735
0.1031365050483199
0.1034965031330923
0.1033729846139313
0.1040099277645396
0.1042936807983991
0.1035294342336848
0.1042718124130144
0.1045632074142635
0.1056354721568690
0.1061088261688635
0.1064142319869316
0.1066963151594141
0.1067053862412951
0.1069961856617574
0.1064952416841384
0.1070470051407102
0.1083380408158237
0.1074566357338133
0.1088733017020269
0.1086739050730476
0.1092483876781764
0.1098610959527367
0.1098879050043821
0.1109422534289501
0.1106620985598593
0.1125954413379521
0.1127340011823615
0.1134653930149346
0.1136376611486253
0.1135707679733498
0.1137822745897725
0.1141877705763037
0.1139103407570675
0.1139883632371148
0.1146336012122378
0.1151178931422149
0.1147428164792912
0.1151473294548445
0.1153984442890614
0.1161972000804717
0.1155221257896731
0.1165155568702684
0.1187749533535796
0.1166831190309874
0.1177671435837481
0.1188326930249262
0.1189143066848229
0.1198185748047282
0.1193499044139636
0.1212870237050983
0.1217978885964481
0.1220909311073324
0.1220914456630551
0.1226788745832997
0.1232142258077926
0.1232881872557514
0.1238617748598856
0.1238501389156329
0.1239958638902734
0.1255062101993273
0.1249726010137110
0.1260207882737838
0.1276731789706616
0.1281135557815961
0.1282013911419554
0.1306318538871742
0.1306986022417893
0.1310516852564419
0.1311581368237539
0.1321506193523065
0.1331703211800988
0.1335339807595750
0.1339407601086147
0.1341289319722582
0.1340476954980044
0.1341504771887094
0.1357727111949458
0.1349551147478424
0.1354487296824571
0.1367955422665903
0.1371054105167768
0.1376049514569365
0.1376517071098330
0.1377302096866677
0.1380638909237757
0.1382948677699523
0.1385741779294676
0.1388275293348485
0.1390153999156390
0.1393820993320002
0.1395521867738814
0.1394176097304642
0.1410540994913569
0.1412366703810341
0.1415058808128843
0.1418737457794481
0.1418917976049202
0.1421716437405774
0.1419926668247174
0.1422439329988528
0.1423551454871684
0.1447765012945871
0.1438687938004121
0.1451095105824571
0.1467323764910607
0.1471301504164609
0.1477920893336609
0.1510048746834532
0.1515362077166961
0.1520464053154208
0.1522311913558427
0.1526585496741620
0.1529349950854364
0.1531210533124958
0.1536481534846351
0.1552167875483710
0.1538600759365876
0.1554110879802197
0.1562618735042689
0.1559984293561421
0.1569125080280530
0.1570689669610322
0.1571564400369099
0.1575043062481584
0.1578980317143248
0.1583660553015611
0.1587565728271178
0.1584572979055612
0.1587636597262526
0.1599263749830082
0.1606815430152610
0.1607122724692860
0.1610881789406241
0.1612807773804668
0.1612175843497820
0.1614997932508121
0.1616029539898052
0.1626896374685176
0.1631965670563265
0.1636749758215970
0.1637699181045265
0.1640419257637309
0.1640646630730781
0.1641861825083318
0.1650027395994415
0.1646395196042208
0.1651855745190687
0.1653755340563951
0.1672717990201301
0.1672967724349800
0.1675586812978418
0.1679191217608373
0.1681465004422453
0.1684889160881233
0.1692003338454293
0.1699641040386465
0.1712306552432620
0.1721107839476833
0.1723837955726235
0.1745835850828251
0.1731857881756433
0.1730760183059964
0.1748751127975411
0.1755627059263935
0.1759851626940002
0.1750475290115213
0.1768754046302640
0.1772496743021764
0.1768860505786194
0.1784012011151766
0.1782307802598135
0.1800063299853384
0.1818221026015571
0.1819240344604124
0.1821784675969642
0.1824561251245700
0.1828645962210673
0.1831174083906772
0.1833185736012266
0.1843357310557439
0.1846101149844984
0.1847009184699044
0.1853944278254148
0.1857085424408822
0.1862495211820349
0.1864240896824859
0.1868551658405248
0.1882397742887213
0.1885923432133125
0.1887716535426544
0.1899112394032587
0.1899992335541170
0.1904252991967021
0.1906135669865709
0.1903478052422161
0.1912240098189674
0.1917667399122225
0.1918058987668743
0.1920379755050121
0.1923980117740100
0.1927394797991679
0.1929729646970392
0.1928119469400551
0.1953163571633940
0.1935880739211981
0.1958000684137456
0.1963732723129789
0.1965320395289604
0.1981648202976979
0.1988947271364251
0.1993243485686017
0.1997746504842186
0.1996480762956888
0.2000670773908808
0.2002839521506261
0.2006195812488997
0.2010284081106206
0.2010444478136694
0.2010826506656979
0.2024305282171958
0.2028501430539648
0.2031071159071788
0.2034728039072234
0.2037572675402077
0.2042592615840301
0.2045320212862138
0.2046804624631444
0.2047658293530186
0.2048049663215899
0.2071092614005829
0.2072075378183311
0.2073277049732058
0.2078379943072041
0.2082328052298319
0.2081439938434139
0.2087115613784229
0.2085114513563511
0.2092754059514382
0.2087393608916268
0.2093322929969673
0.2090920052533466
0.2096441114366260
0.2122013825980021
0.2100645178975838
0.2102877303074523
0.2125066985434418
0.2130602832013090
0.2130612722658838
0.2131012423024984
0.2134948061841981
0.2138358513889070
0.2146833381683954
0.2156457636578222
0.2166794343929176
0.2149494831519898
0.2173038307657949
0.2178319674999602
0.2184431693602554
0.2190802019178310
0.2192474921323580
0.2197612525055936
0.2209301526755701
0.2207004116944505
0.2213341399195297
0.2210716699348165
0.2215665514681333
0.2216907293636774
0.2217195053686013
0.2229859243254112
0.2237772658578014
0.2239922081232035
0.2240420497134524
0.2246064414384805
0.2263144870411206
0.2254836807146127
0.2263368480961476
0.2263685680117312
0.2265143614385809
0.2269926351620781
0.2277634079697372
0.2285224274864990
0.2284049369527050
0.2289633039519951
0.2292596698874886
0.2296752935413622
0.2301225202298362
0.2303169533751518
0.2322682581060884
0.2324721106479280
0.2329409607839496
0.2342324821437860
0.2352024015203129
0.2338641189196446
0.2347561187272687
0.2346024826330144
0.2365589385091136
0.2368033366449193
0.2411251469706768
0.2368687899954937
0.2437603293190526
0.2427434386884530
0.2438865961711326
0.2449423471674986
0.2449510853015590
0.2449688842729520
0.2469074848326424
0.2461485663643799
0.2474472379532863
0.2478484000302145
0.2480484830439317
0.2481409847960533
0.2495855964951150
0.2498877464094608
0.2503655013862837
0.2499391996534258
0.2520460287351375
0.2525372967368631
0.2506410136123379
0.2523388798592328
0.2530643587247768
0.2526770873240554
0.2533283509562390
0.2544521890834217
0.2547206097537282
0.2560209833346405
0.2553075790662819
0.2561128694825400
0.2561742380523003
0.2571369760004510
0.2561968459078096
0.2578176945717157
0.2580643739821689
0.2586572581243968
0.2597111646364029
0.2596866014691473
0.2605151577203140
0.2613464799995285
0.2633978469592509
0.2623560010745917
0.2635445614641274
0.2639603299386615
0.2642883273140939
0.2643955611923689
0.2647470791194341
0.2657667897947909
0.2683367236835588
0.2670106269731236
0.2694114201094077
0.2700155611476002
0.2695487976398080
0.2707656655790124
0.2709123446936311
0.2726780191402314
0.2709217841135905
0.2727860944684530
0.2734353767118581
0.2737356257968283
0.2737074206926429
0.2742855307992015
0.2739509419882442
0.2744095783095851
0.2759475504401827
0.2746460853492124
0.2759691235963111
0.2759807190280318
0.2769643186018636
0.2760636863652913
0.2761045262571911
0.2775709020335091
0.2777648462344728
0.2770732116313061
0.2781267959057013
0.2782816268868193
0.2787446879217144
0.2794512944665976
0.2801614279300726
0.2808656796258249
0.2811661475716001
0.2805373772422491
0.2814963014244550
0.2823831770952713
0.2828767841136440
0.2824385055724711
0.2829684150791580
0.2837883859331666
0.2849535012081980
0.2847652604266839
0.2848924171574844
0.2850071486481499
0.2854594170513839
0.2859700016146386
0.2875198448484390
0.2866370018043727
0.2878893508053801
0.2885064470062528
0.2879335183128405
0.2893388221456384
0.2916082377972120
0.2918790123853269
0.2917478258217442
0.2919727746825538
0.2930860185497841
0.2933079862470310
0.2934819964195983
0.2937877770950029
0.2946954631687587
0.2948035086946578
0.2954426413846401
0.2952278672229628
0.2956667413449225
0.2956742226591679
0.2957025064601109
0.2961203974187935
0.2966176631379023
0.2970240182695091
0.2974861889600224
0.2975541634008075
0.2978171372310338
0.2986359602299686
0.2986422839102532
0.2992423331827123
0.2999754298012589
0.3005433731249270
0.3003629480024627
0.3007441383324304
0.3012241359340139
0.3009749582507531
0.3018335496549651
0.3021624061754730
0.3023543079860296
0.3023546651482371
0.3045221079627621
0.3030385045814507
0.3046997214223723
0.3049693630565746
0.3048032057959602
0.3049596577440201
0.3055453665114685
0.3056146261774071
0.3059256562525060
0.3058832773500510
0.3066419322540248
0.3064888144407835
0.3079151959661000
0.3088687012479029
0.3081489602607437
0.3089544760570649
0.3097772227180084
0.3109542756858069
0.3101105980156504
0.3112888579775062
0.3117381074986132
0.3118193486294799
0.3119716734215485
0.3123822120541624
0.3137712428876065
0.3155362910197751
0.3133244809290974
0.3171183440448336
0.3174407292704288
0.3185995534614658
0.3186808812053319
0.3215394887707846
0.3206709922853256
0.3223055975149877
0.3218426095889148
0.3228344220308747
0.3226031168934904
0.3229659680849714
0.3240598963219951
0.3247369333751206
0.3247891647390971
0.3252397693345508
0.3261964001349157
0.3266423173838492
0.3270251663993230
0.3271870293315440
0.3282029211186818
0.3282011767514987
0.3282102254816379
0.3282877003440111
0.3284484955148997
0.3298348446049890
0.3295220487422878
0.3306345554676999
0.3320090963188601
0.3341044258950764
0.3353582687374941
0.3341785782641631
0.3360034680627302
0.3371261313264846
0.3377654283949013
0.3381019683266533
0.3386890303058033
0.3398792000207487
0.3408290191277997
0.3410437946864608
0.3422966289065297
0.3435529909765129
0.3441825836636976
0.3442912145258352
0.3443641943597999
0.3451003233646510
0.3451507898723478
0.3456456839785192
0.3458940360443173
0.3481696286928699
0.3460323677146958
0.3465323496360948
0.3489836367540917
0.3490473564476926
0.3497147487242309
0.3497268805977548
0.3506563889564278
0.3498209395212219
0.3510139381284890
0.3508304415041723
0.3521010686420375
0.3522584523783338
0.3534636396698019
0.3539502817922972
0.3547049492386659
0.3574950664106268
0.3568964541689010
0.3576659492019871
0.3579619067525314
0.3583497970171039
0.3587052167200973
0.3587317594134862
0.3589319718810413
0.3596015825679533
0.3605170503074848
0.3614310651837993
0.3607437044199294
0.3620830016965433
0.3645156162625717
0.3661691417760072
0.3658938018446294
0.3641569653359041
0.3663880635827724
0.3662084980710449
0.3664226710639999
0.3669149029845907
0.3670651490646718
0.3675682499853746
0.3674144071375087
0.3679829260185282
0.3694189192584804
0.3710414200886346
0.3706970025648815
0.3717928786630709
0.3721022896338730
0.3725469156040563
0.3724369846156039
0.3732370256321677
0.3743474378131085
0.3748177016967990
0.3748055968316298
0.3761380782239782
0.3752905155417000
0.3776095790684268
0.3784624009292863
0.3785397612389828
0.3793400858432707
0.3806017271152706
0.3809001857325901
0.3812652790831706
0.3810994068072641
0.3814782106231331
0.3823727291926615
0.3815885602410830
0.3824255971156180
0.3828970675277044
0.3828748200940317
0.3836051846778045
0.3837428443989450
0.3841752332561534
0.3843208283112947
0.3846009151938375
0.3848900177445682
0.3855496032096211
0.3857633203201756
0.3852875695495342
0.3861164005408605
0.3875149252766347
0.3869837249568588
0.3872564166724944
0.3889871427738048
0.3890612909519399
0.3897524063427711
0.3901948604687093
0.3904577183492751
0.3906938281798241
0.3911702183034133
0.3915825669614517
0.3920097678862557
0.3923357713000550
0.3928465290893086
0.3925902537967033
0.3928744431551893
0.3934445275894574
0.3938270115264817
0.3937706627854010
0.3943462564583617
0.3950865163444944
0.3952857448697489
0.3956965028288292
0.3953114759155137
0.3957350716906297
0.3960105573739905
0.3963210863975440
0.3961068253946057
0.3966602326355224
0.3967042315735967
0.3976297836739708
0.3977902417060873
0.3974265574465630
0.3978590254661902
0.4003935146147355
0.3979967960147172
0.3998347899875765
0.4013189153751912
0.4019608024516892
0.4021974110054771
0.4052686874779261
0.4058782930513277
0.4057085860547184
0.4072303606230907
0.4078091226554518
0.4077855061775937
0.4079447041302662
0.4080200574398134
0.4087853289250216
0.4090234550689456
0.4091410541018197
0.4094929594590762
0.4126254419854961
0.4106084575925993
0.4119611491504876
0.4138001298596152
0.4144834915243478
0.4139625250426878
0.4150548341754148
0.4148681654664074
0.4145052374408139
0.4152403471131065
0.4153805404973126
0.4155966660080462
0.4173100606618962
0.4182620036500795
0.4195811634043144
0.4202202397492809
0.4203055167665265
0.4204427084980731
0.4207728637479120
0.4228722962657326
0.4232578382004322
0.4246830569695137
0.4257822215677156
0.4270107221915437
0.4270935135088365
0.4274356721096838
0.4295484155554084
0.4294980105150016
0.4316548185570421
0.4318263821452047
0.4328089903261554
0.4329107713107536
0.4331895608609493
0.4336962892830820
0.4337029179715099
0.4338707627886305
0.4343058017242261
0.4345763905134873
0.4347729163406291
0.4346621983846008
0.4347922692237386
0.4351368567138617
0.4365127964115296
0.4354396776461227
0.4378712537874799
0.4384868538186358
0.4385446461097079
0.4389198163705504
0.4397267300820568
0.4398147558978828
0.4399470665678135
0.4405305331761625
0.4410637968411035
0.4411376856459014
0.4413720105967354
0.4422273554104508
0.4420802041152866
0.4435605911740850
0.4439341362770340
0.4455877642359528
0.4450571059459155
0.4456212070983002
0.4460039261942748
0.4466972637207700
0.4467828811364168
0.4469027730854707
0.4473495117609154
0.4474005617422054
0.4472975248691149
0.4488186605502007
0.4502893520753316
0.4504673222314880
0.4507018143547242
0.4519629461932755
0.4510038627549093
0.4523085180913604
0.4526543083845891
0.4528040557414312
0.4532120812000763
0.4532381000245168
0.4528535662465047
0.4536031086247429
0.4541111530056741
0.4547584641048491
0.4550232428382259
0.4557485317139647
0.4561965649277887
0.4562337773182586
0.4569677037452197
0.4572093437692194
0.4573036453022173
0.4606540787316179
0.4583438902433700
0.4596344956474540
0.4612412012467353
0.4613811925339425
0.4621343503064170
0.4636056695429634
0.4635069675107985
0.4639234545006992
0.4647536810789041
0.4640586178116773
0.4650221636821619
0.4650942657445996
0.4651876471308934
0.4652296972764794
0.4657281578824521
0.4663589086692589
0.4665702942137468
0.4658325726472924
0.4666008858320307
0.4670068735568816
0.4673703580477137
0.4681583924536399
0.4685757278784065
0.4685880539326873
0.4686373246221977
0.4699346239072897
0.4705692885772182
0.4707513230250921
0.4711230441327780
0.4710074115875212
0.4718595833852233
0.4720453151837202
0.4723270300181243
0.4723386934363929
0.4733704689300481
0.4746774837722431
0.4747295339939788
0.4747722817001735
0.4753116799869163
0.4766374414212245
0.4757217087204204
0.4770587871209992
0.4771694175327054
0.4771757970923445
0.4773459641623059
0.4780035989722254
0.4782558053165002
0.4795246443150214
0.4788163478853257
0.4797816660626706
0.4801041793451198
0.4810135827777039
0.4812181328801522
0.4816075765907800
0.4819291906812830
0.4822325718040730
0.4823225627105323
0.4825165674474633
0.4828043982772177
0.4841954030488596
0.4847480941027161
0.4852183016413908
0.4859883559336832
0.4858300497223763
0.4861233204072916
0.4867997730555012
0.4878059893324068
0.4871524891290592
0.4880674548857228
0.4883697645218902
0.4883942452670980
0.4885809153730892
0.4887728046107910
0.4889973930497641
0.4894414150572575
0.4903112610291276
0.4910971040330348
0.4911714710719751
0.4913984115661115
0.4912581255153092
0.4915546595545274
0.4931495303721863
0.4921002273876687
0.4935218451980137
0.4963512255327549
0.4956617334371720
0.4973156780457663
0.4977385348164190
0.4979976874301199
0.4992939361833473
0.5016531662557522
0.5016360220041294
0.5024425357125898
0.5026913315535948
0.5028306122416772
0.5039970043599592
0.5034658496749894
0.5040619287193110
0.5042859429979166
0.5044737516457558
0.5046982511434230
0.5055314672670940
0.5055430231176051
0.5067836099801509
0.5070086687370243
0.5072275607414672
0.5072352390304372
0.5072652574196762
0.5075640825124290
0.5076947093511441
0.5080893260930149
0.5081688643005532
0.5086205087176620
0.5094774712386901
0.5109014103705536
0.5121329363957666
0.5112423992302466
0.5122413949632278
0.5122505941019629
0.5127864556912269
0.5136400268010981
0.5144414727177664
0.5148017930401497
0.5151623834460799
0.5164377067780298
0.5172804968977722
0.5173673394682665
0.5167711398176714
0.5184052169874335
0.5175398273940849
0.5183100376829086
0.5196601280568448
0.5199642048775983
0.5201085710526018
0.5220694218399327
0.5204189450109465
0.5227335163032326
0.5238344620558594
0.5235602532157489
0.5235157825627903
0.5241246211920514
0.5245971346854219
0.5246779529958395
0.5257327354167275
0.5247238266862574
0.5260818542568394
0.5267594994636063
0.5271035393360552
0.5273697085340366
0.5273708615113846
0.5273750967007945
0.5277934132738940
0.5278884351849037
0.5281814190224657
0.5288506483327833
0.5290095138032965
0.5295682817369551
0.5297025537722291
0.5301955544996054
0.5308129491893635
0.5313796817936840
0.5313912478887435
0.5338439659838770
0.5339974949760351
0.5342332760497152
0.5350031207944281
0.5346353992515408
0.5358910311646252
0.5363474942447373
0.5370881126900614
0.5386932369036103
0.5384595410611758
0.5393648857899778
0.5400949686486716
0.5409709767163596
0.5418067907643536
0.5426454895840238
0.5440179554484869
0.5447350170205976
0.5456584866836940
0.5458935734563943
0.5467068266806691
0.5460874492051487
0.5465499491181923
0.5468133499598192
0.5467938573783235
0.5480393476542269
0.5481510043834108
0.5483955482711995
0.5484004344550895
0.5484688829390653
0.5490170663916585
0.5492847550424210
0.5496331176486020
0.5493002918312793
0.5510588132548420
0.5502745991341186
0.5512070444185320
0.5515825192218565
0.5515565944609961
0.5516977214960836
0.5524903524445790
0.5527108919586572
0.5536688433744333
0.5532792120023068
0.5519138241894141
0.5538574282796389
0.5538839574688506
0.5542466824661226
0.5543523046906815
0.5545037624214327
0.5556277011314535
0.5552627097606951
0.5561347434092940
0.5567374846696562
0.5563189860229935
0.5574228510062317
0.5591631329428233
0.5592559569325558
0.5594422358830656
0.5594224466753297
0.5611124181007558
0.5629302028393979
0.5634055401028160
0.5631929694503514
0.5641756232661082
0.5640967700463239
0.5659858130691507
0.5675140258704843
0.5696514046609641
0.5686934029537688
0.5688227678503948
0.5696817573950075
0.5704421040464389
0.5716144040094756
0.5713411195070208
0.5718847920987219
0.5719125441144745
0.5724367902485825
0.5727471120528631
0.5730627256320150
0.5726487317926477
0.5731809873009012
0.5741680155387930
0.5746934574910875
0.5747712266513944
0.5753155358020754
0.5756423820628050
0.5764222324716031
0.5755089747605422
0.5756972136794111
0.5765225731658389
0.5766766707304291
0.5771276026857680
0.5778031947919182
0.5779419250683588
0.5789310841723024
0.5791849873863091
0.5793388004318526
0.5799981842655680
0.5794446755104906
0.5803681470362321
0.5809018446974931
0.5822186617097904
0.5822085084310772
0.5822543127379634
0.5823830983519476
0.5839401667862852
0.5842375520543370
0.5848043996769955
0.5854077304645477
0.5852266617981842
0.5857530490428922
0.5856741050191568
0.5864942411829225
0.5866965775316100
0.5867538785500237
0.5866877285701632
0.5875399250479135
0.5877095747681845
0.5886415562539555
0.5880593078155347
0.5895256677593690
0.5888258882746221
0.5903451361648483
0.5892111550035007
0.5903922215059363
0.5908882094504723
0.5911549337167084
0.5915269412060860
0.5917922321668790
0.5920433968268537
0.5927524518187868
0.5925793780910686
0.5931053909441015
0.5942210720825107
0.5932502502544086
0.5949434729269443
0.5961097383853559
0.5949926104373264
0.5964713136649091
0.5964205854555688
0.5972471761504408
0.5978790910904664
0.5979467577291404
0.5988697035232884
0.5994334083979174
0.5997118757105022
0.6000113164074772
0.6000824196264531
0.6032441657051649
0.6033226086773549
0.6040231779236455
0.6041587603297824
0.6058568617356275
0.6063332602411198
0.6064533803642045
0.6066232843355384
0.6066375140131626
0.6070039661633800
0.6067329531566859
0.6071814524974588
0.6071277501094750
0.6083433947564770
0.6092622981449879
0.6093785737684828
0.6096016045704491
0.6096948327541792
0.6104633661967066
0.6100990402559280
0.6105611601893609
0.6164110194036788
0.6121154062506349
0.6125506882614227
0.6134994484547057
0.6148871982539479
0.6169493899759600
0.6168681409288516
0.6171552206469492
0.6185950146143302
0.6179757600733897
0.6198671658615894
0.6192227036781714
0.6200848918501684
0.6213788779551996
0.6212970519537558
0.6221751960097697
0.6216522430170570
0.6222891358762463
0.6238968943356987
0.6235026640926966
0.6252703678911880
0.6253507116927536
0.6275050060951640
0.6273248538502142
0.6281735615935985
0.6282951108311746
0.6283763961998636
0.6287355486437378
0.6295347863945806
0.6314023787301977
0.6323540036717216
0.6331854335186935
0.6332193969903605
0.6333838857865818
0.6338135337614518
0.6347583935757906
0.6348231288766596
0.6358991743232585
0.6367161016150918
0.6362751906906605
0.6370173532688139
0.6370419266806180
0.6371211859570449
0.6381761034197063
0.6383340999662569
0.6389466750616891
0.6409113549817872
0.6412965378916341
0.6422203432965187
0.6415694661632038
0.6425755068858040
0.6431048725001071
0.6433164610729164
0.6440731047857893
0.6437857438082740
0.6447634136512705
0.6449573480733471
0.6454743741291922
0.6460254335058971
0.6461897365032647
0.6463243955030685
0.6463915657468101
0.6465519646399430
0.6465808463499793
0.6469348504426585
0.6476075372880360
0.6469355740802993
0.6481384866163780
0.6485521298127958
0.6485689294750657
0.6492476014649717
0.6494391540295626
0.6495403859995028
0.6514078777522817
0.6510023268177185
0.6522932311763490
0.6539040504274443
0.6542828221126845
0.6548323150048183
0.6557818081489679
0.6559490895159306
0.6559633354916998
0.6569621701058755
0.6573873249149822
0.6605923542103694
0.6582914533365012
0.6607707015521688
0.6613641165482644
0.6611806939640924
0.6615895375896197
0.6618240953710973
0.6633919303600638
0.6619637811844999
0.6647958949509989
0.6635921093000062
0.6656122927859482
0.6653418120301058
0.6656162010811345
0.6659458087132991
0.6670701106391242
0.6674057578981881
0.6675837001146673
0.6677008032182701
0.6685299052244658
0.6681216925699830
0.6688543211989357
0.6691975028576318
0.6696733369816437
0.6698805506666566
0.6707852327594465
0.6712503869418289
0.6702384579322480
0.6715123861429805
0.6736650139436429
0.6731192207304385
0.6740526429722331
0.6744055760439511
0.6742583753886905
0.6748571464209152
0.6746627672923090
0.6762290176359140
0.6766836357660050
0.6776522778336203
0.6772949437970738
0.6788440536143463
0.6785344321646423
0.6788447404647454
0.6790152372228984
0.6796422431616309
0.6801498260722262
0.6807809228453696
0.6812087989790406
0.6817405748561679
0.6817970958919251
0.6820148451635684
0.6824150544975023
0.6838083200546952
0.6823985048953437
0.6844551152011636
0.6851810913929628
0.6868615526179138
0.6861286473861563
0.6869494410636600
0.6890375934024516
0.6870486697587411
0.6878055397829999
0.6895945215083633
0.6892569939090204
0.6895900842219544
0.6904615153048473
0.6903439102183766
0.6911696357145765
0.6911571536637643
0.6924739390110941
0.6925046358688290
0.6929198530003987
0.6934684355247153
0.6944866346635328
0.6951281194086784
0.6937819117185575
0.6951955760341118
0.6961969601438367
0.6962501512357268
0.6977624672920268
0.6977789279528795
0.7014193025889897
0.7011556395800578
0.7026950268553082
0.7028445912072643
0.7042217704952796
0.7035121529845112
0.7052480688808710
0.7052533313190813
0.7060047144563890
0.7053535360402211
0.7060783857973657
0.7069085993370547
0.7074466560536281
0.7073848339297738
0.7087698461063066
0.7092925271528272
0.7090444204905277
0.7108132889078992
0.7108212498532707
0.7117062051369372
0.7130497036096871
0.7139892269456709
0.7141926883320290
0.7144869154852288
0.7150349285057909
0.7158731570075607
0.7164223826101154
0.7158897312897675
0.7174540123517876
0.7183271323881704
0.7193312811289594
0.7200040978938360
0.7195775041913509
0.7202525705659075
0.7205607838558782
0.7203578719498394
0.7207213699448488
0.7220668502720384
0.7231914586029907
0.7229116902327685
0.7238017989899040
0.7243313075622224
0.7244301371855801
0.7246749637297704
0.7248495597042374
0.7259919362729378
0.7246930067076781
0.7264106230467607
0.7266284915276936
0.7264191367320806
0.7266613048159802
0.7285217045473501
0.7281285751276317
0.7285483254718353
0.7289130225446602
0.7290146051575498
0.7294953468858708
0.7297575328171987
0.7295004752136304
0.7301895444887642
0.7312019568547615
0.7309553933939689
0.7312538417667401
0.7314917700046170
0.7318867690544049
0.7326139890275030
0.7322443736401594
0.7332094212682961
0.7335418680373309
0.7345165706866033
0.7354363970157860
0.7353801390786563
0.7372916749386543
0.7379061001063819
0.7387744620157287
0.7387825505522930
0.7417250660908059
0.7422025444648240
0.7424360810510983
0.7430703098620616
0.7438066553994113
0.7442058216520612
0.7448500700969483
0.7449256208468814
0.7449104118835695
0.7452420889144959
0.7453273906117899
0.7458864705385112
0.7460288441488654
0.7464729392651808
0.7466930587527776
0.7471808175310403
0.7477924156690913
0.7479304460566167
0.7485275677165610
0.7494377846594145
0.7489424234949715
0.7494609336133399
0.7500109401298738
0.7503918063595852
0.7505354875468349
0.7514659570304053
0.7514243017655911
0.7514952638891970
0.7526807104017030
0.7525383195618811
0.7527907210182355
0.7535674021363107
0.7536196758754643
0.7552068055398794
0.7542186131487687
0.7555189876610036
0.7559277395512572
0.7566980192236128
0.7568543147094801
0.7569560258448851
0.7582472966789489
0.7575567335624046
0.7585413864620688
0.7585774146758846
0.7605882732945439
0.7607807087529361
0.7609610197883849
0.7621831562193964
0.7625706311141004
0.7626606667240433
0.7636617211455766
0.7647190940402071
0.7641766191293377
0.7649415185511771
0.7655725166041276
0.7660041808923725
0.7665442297079341
0.7664351592615410
0.7667182859809689
0.7667773257786302
0.7674152687040229
0.7682425350734231
0.7685378183464230
0.7687574977841031
0.7688359854597766
0.7692078732742034
0.7724103037139449
0.7694678873612861
0.7726647973864641
0.7727462839208293
0.7732276263522113
0.7739306719852289
0.7728530400306234
0.7741152200727329
0.7740975822201454
0.7744141685657269
0.7745734582536731
0.7754423458946135
0.7755824261231266
0.7757796089983451
0.7762988469453057
0.7765050426947442
0.7764387655893521
0.7767677618082462
0.7775322956859750
0.7775525221496600
0.7784155852992161
0.7792778368011479
0.7799018992948821
0.7817282684993596
0.7826978516684370
0.7826293980621870
0.7833415469077144
0.7838973280898749
0.7835202802827210
0.7836183397023093
0.7839077803231347
0.7850384664652117
0.7851202933979781
0.7864004721801731
0.7864300412062696
0.7864437786799128
0.7878591086658925
0.7883912715075497
0.7887208642385531
0.7889740368299997
0.7894216076421652
0.7907867430666400
0.7921638678722847
0.7922190226578242
0.7932126930883213
0.7933008506862916
0.7941022993969276
0.7960322558861376
0.7971431788975109
0.7973097845899453
0.7962658925895886
0.7974511919531279
0.7976426225144615
0.7973842456924656
0.7977092400182547
0.8008419344205605
0.7981490687458539
0.8008467707786927
0.8017753641129357
0.8023767414513867
0.8024209261883147
0.8027704343212630
0.8031189599088947
0.8027929914196921
0.8045270935653369
0.8050822679908398
0.8064879261918776
0.8072198791463021
0.8075453712640076
0.8080083615183870
0.8089596418705581
0.8093556653751786
0.8112214490823547
0.8117498298230348
0.8124780556245139
0.8133020502577080
0.8133781164946864
0.8135066720719946
0.8151129483315688
0.8152120871540215
0.8155784550195460
0.8163730426767716
0.8164380494581712
0.8166410102586453
0.8170290486035072
0.8172326389780420
0.8175513627089334
0.8175724185153713
0.8178066303105125
0.8192490529358616
0.8204880085869171
0.8212358685309235
0.8209274973817763
0.8212918610411193
0.8222723187982441
0.8215153295646959
0.8225354882062113
0.8235550331061496
0.8236328544205208
0.8236090912593571
0.8236789818963404
0.8237759772798866
0.8237982195912852
0.8243222571091364
0.8249800646793936
0.8239628834761507
0.8251138100517512
0.8252674936434569
0.8256893268905996
0.8257701750033396
0.8260267106006046
0.8264076224651223
0.8265493888531575
0.8274798127019218
0.8265979861964462
0.8288779979706173
0.8294374192270625
0.8307421239236100
0.8309559323037770
0.8311877701576742
0.8310337722445995
0.8316342038249757
0.8316764774879797
0.8323653344215663
0.8331453361702829
0.8318360279462468
0.8331593167191181
0.8332890816187901
0.8346585765642387
0.8335817059658382
0.8350894855498753
0.8347809951914386
0.8362861982715718
0.8364819077944764
0.8351031000889386
0.8365995664319953
0.8373923030856030
0.8366798818282224
0.8374519915494378
0.8375761214818694
0.8382006505682136
0.8383574526935618
0.8384733557880266
0.8383795301608646
0.8386030415252796
0.8399099818616687
0.8393243694861068
0.8406156817640251
0.8406679606254529
0.8408567532155927
0.8411699081031465
0.8416289532750980
0.8419078531870189
0.8423860831383551
0.8447025156788074
0.8454779665197609
0.8455587843645173
0.8455773917239054
0.8465282329574825
0.8457282808822246
0.8460795226721464
0.8469793809796587
0.8471326380256250
0.8476408188453134
0.8488523097936308
0.8495279442749581
0.8501522354083845
0.8497171638764986
0.8501856689575061
0.8503778510961578
0.8504802481506394
0.8522869790216382
0.8534677777688334
0.8536392356518838
0.8547753700310250
0.8552967141639891
0.8555443593559527
0.8577244947001917
0.8580178049663165
0.8580331173064342
0.8581277140686884
0.8586705675621845
0.8595074507684948
0.8596822064647834
0.8606033962502160
0.8611767542833354
0.8614931515704343
0.8619699002532148
0.8622291157311895
0.8623849213413824
0.8623152830928169
0.8625472937070520
0.8633539038073988
0.8638451215177053
0.8638931786939005
0.8649948294577164
0.8655269853144544
0.8656021886810671
0.8659336403319303
0.8662270800518930
0.8672445061929731
0.8673716377780640
0.8680002441946418
0.8690274832160340
0.8690305249155641
0.8690430945106983
0.8714449228120246
0.8717622053212311
0.8720260750837745
0.8718821438364136
0.8721390421838215
0.8729400527071860
0.8735049021772597
0.8742972434844343
0.8736226735048102
0.8760356287826019
0.8762918188591915
0.8763542295789133
0.8771299379305588
0.8768802279964463
0.8774282703536694
0.8775186379801103
0.8782553923680705
0.8781310729114949
0.8798548653162340
0.8821856928440676
0.8825843394187206
0.8828343110544766
0.8836934943141851
0.8836761856841279
0.8839797940496261
0.8840784243699529
0.8841846356560404
0.8849702621274489
0.8853563595960645
0.8853186335811943
0.8855365327957722
0.8860194086497740
0.8864706498042078
0.8874069880169849
0.8883398100213798
0.8886396688821910
0.8895066151812238
0.8908554249866192
0.8926002685411835
0.8926916508435698
0.8928906633019870
0.8929817992695522
0.8933687661277916
0.8936217310343039
0.8937216577556550
0.8939171679755287
0.8947644163364379
0.8955194176619498
0.8958980622216585
0.8949396302434335
0.8973160245908964
0.8967137662212894
0.8975537400215648
0.8978904955544931
0.8981273294883442
0.8983119064468480
0.8985193361986984
0.8986721247894094
0.8987479130265992
0.8997453897724605
0.8994676898696775
0.8999745202716322
0.9006133363119389
0.9019330273857028
0.9023665943659687
0.9030455066370989
0.9040426578857204
0.9039693777002251
0.9041797644012514
0.9044562265763321
0.9044697600903314
0.9044378217796040
0.9073488711879351
0.9045048420804109
0.9081709249448827
0.9082530829628246
0.9086360982193780
0.9089559274301658
0.9095751842994128
0.9106652931825562
0.9113411474560114
0.9109845282095412
0.9115368765366901
0.9120421800352829
0.9122112593204766
0.9121399418973084
0.9138434854866208
0.9141246783147216
0.9144469960194300
0.9151161359227803
0.9151810137160034
0.9153637359455991
0.9156593079285972
0.9164690509980866
0.9169161421791260
0.9169656177596029
0.9175838017452432
0.9174860827240563
0.9177984096658409
0.9182319673328809
0.9206178569796578
0.9190731471958911
0.9207871649045437
0.9208029727082714
0.9210953879734014
0.9216446848221331
0.9228558628460652
0.9230572953461936
0.9228667989014028
0.9238520748558696
0.9231818765044127
0.9241140479799891
0.9241484617461211
0.9253537398415402
0.9253953601817578
0.9254150474096718
0.9262962662271672
0.9255455508481457
0.9264310560777927
0.9263417524873939
0.9270351426336146
0.9276138441300084
0.9277722513898147
0.9278548340908507
0.9282116521746906
0.9284611502329172
0.9287552106793762
0.9295210111558070
0.9308620420893943
0.9313334198348845
0.9307035226052178
0.9321811441016296
0.9319570534545728
0.9327133716702057
0.9329629409746094
0.9331031916351538
0.9331655972326014
0.9332895604582920
0.9333113608571288
0.9353149495717673
0.9343917141362986
0.9345695813813105
0.9348483793134095
0.9355623079163778
0.9356112219093420
0.9366721347610802
0.9368356233168559
0.9369398341220523
0.9370353761767202
0.9374713073193428
0.9376813508280001
0.9389288047975529
0.9391542933597948
0.9393027415216447
0.9391129440344465
0.9396182349601846
0.9396379878463400
0.9416454308394554
0.9405455183892257
0.9419603203153053
0.9439631565213031
0.9426220943884096
0.9445088118987665
0.9445139299819777
0.9446669053028649
0.9451337079262052
0.9452885142272750
0.9453938598490291
0.9456527931362636
0.9466494773266136
0.9458048534327209
0.9472188581466763
0.9475811486819671
0.9477071328776456
0.9477259176539844
0.9481832976211716
0.9482341869493174
0.9484211085124039
0.9492635614933742
0.9497142643433596
0.9493253845485511
0.9525118921662270
0.9508545193592340
0.9527176888439421
0.9531170292539136
0.9536789911583434
0.9540344043420788
0.9544813670006028
0.9560884153265917
0.9545449474614789
0.9566324800050968
0.9587137871229620
0.9600248173624393
0.9592335084263391
0.9604612565415265
0.9609850626257178
0.9623932065267085
0.9626025692385634
0.9625083748076616
0.9628896275362417
0.9633491243996420
0.9637161227705497
0.9637742084282330
0.9637906555849084
0.9643609574829978
0.9639256130735975
0.9655440440240987
0.9649095735349271
0.9653868707667044
0.9655677410613596
0.9661018866887791
0.9670107108387215
0.9666023757153202
0.9674605736357442
0.9680986958407325
0.9683351791316341
0.9684990835229397
0.9706902298939835
0.9718749541658326
0.9714271612332329
0.9719800571780559
0.9736133818391773
0.9737397106242085
0.9749737456324388
0.9762735953444026
0.9767564642134852
0.9767777421403573
0.9779963940279541
0.9771013203901711
0.9772865655726225
0.9788485490618499
0.9794420320444936
0.9795566005537084
0.9797793184312895
0.9802424223070231
0.9812031183304279
0.9821171075953716
0.9823091374627823
0.9822791209361884
0.9824013356037444
0.9828993063340425
0.9845238705093617
0.9852935941821400
0.9854094427942343
0.9857260188952676
0.9865571404744672
0.9873082400240508
0.9875816628279079
0.9879875471759529
0.9900841489388068
0.9901774343988753
0.9878244879598843
0.9905856288925677
0.9916993104814082
0.9909272589678537
0.9928242773715520
0.9925810052047395
0.9935535136580250
0.9936785576835641
0.9946897998427459
0.9948526443889609
0.9941556835519875
0.9957091505619274
0.9958034502322801
0.9963658978214328
0.9960960899461508
0.9965500421806006
0.9966218234024112
0.9966710917636152
0.9966844748690187
0.9967111204735520
0.9968908932045525
0.9977377788153188
0.9983413964502240
0.9991849362846393
0.9999757120385653
0.9984844038255906
