0.0005779056812534
0.0038476823847032
0.0053243730242012
0.0091412221124122
0.0095457616306589
0.0068263448806602
0.0099859572993526
0.0100553301209842
0.0106580886108140
0.0124202072678228
0.0124908722995272
0.0171020738860136
0.0164654757904194
0.0171352881086689
0.0175384134135854
0.0181265859949061
0.0188642256049738
0.0189264905727126
0.0219598766518570
0.0251354775508565
0.0266857221846868
0.0267423233141854
0.0295016965966214
0.0304603371911032
0.0306009538614196
0.0314812963043718
0.0319422804899245
0.0350403883657606
0.0362390871328484
0.0368448971010954
0.0396919390371497
0.0369466147557584
0.0376864103775874
0.0415119817673750
0.0417347960368427
0.0420509358132495
0.0442323871162871
0.0432084095865527
0.0437576375174139
0.0433038235843665
0.0445786379485292
0.0454116864341366
0.0454619773875279
0.0456140530508077
0.0456651328344201
0.0457657790024605
0.0461990400432605
0.0479212268478802
0.0467541157485704
0.0475669605878959
0.0483162803800387
0.0493028820721912
0.0491596018193102
0.0493886866836756
0.0506197107260207
0.0510397427953033
0.0508329915119489
0.0512105594627608
0.0517243473100124
0.0538053671148631
0.0526403305365892
0.0549992681737054
0.0555699658838892
0.0558290132581391
0.0564413443470566
0.0569187365737365
0.0580990072610318
0.0576821663685526
0.0616420004803883
0.0630930275950083
0.0635491800790416
0.0641085729301481
0.0670876554525865
0.0696457294140224
0.0680457214210395
0.0694023673745815
0.0710277525107506
0.0703374417826242
0.0710695884521443
0.0719892448149571
0.0733512230559025
0.0756570925357086
0.0763846370747241
0.0761605557408931
0.0769864619136725
0.0767829176396052
0.0779270581332627
0.0794539521818300
0.0796468877604450
0.0831068829088970
0.0817062980875868
0.0843940712904530
0.0859028748636613
0.0860809274418656
0.0878751040845528
0.0886725066642615
0.0898244125255497
0.0899747396306948
0.0904822247524197
0.0909767477265451
0.0913101719186223
0.0912218792788786
0.0919310045856661
0.0920530809518197
0.0934132356631631
0.0936329812247460
0.0949610011162986
0.0967866699661998
0.0975270555808801
0.0988949877670477
0.1010910743386909
0.1014782549354612
0.1015173085506620
0.1016507633503763
0.1017927760732327
0.1061461321572522
0.1024193973757417
0.1061469875770374
0.1089015999384697
0.1075852709392017
0.1101803430869153
0.1115067313013164
0.1161833317560066
0.1141929338286598
0.1148758139996211
0.1195340715905344
0.1175209633621950
0.1198826921730687
0.1200261349417391
0.1205812255482102
0.1214214126213553
0.1245474969616847
0.1247014189719695
0.1267358423800840
0.1252881871188470
0.1273265299980187
0.1304952819508013
0.1280594007708409
0.1293950221172511
0.1305341972645997
0.1361315572336929
0.1383684175733330
0.1372231478510532
0.1398784691187918
0.1406098535007843
0.1428046362208224
0.1420106939701413
0.1432508873488991
0.1432631188739385
0.1476561884152033
0.1488516429201009
0.1500308570219347
0.1493389341744310
0.1541665248359398
0.1508388678314345
0.1548540346114217
0.1553251799919294
0.1588178654940882
0.1597213187067403
0.1636275761591399
0.1636206592263750
0.1613840405649431
0.1636781809682391
0.1683878717796821
0.1661250401130528
0.1684298762904619
0.1706186827135359
0.1733844225170950
0.1727876510344388
0.1734131170312935
0.1764323796035873
0.1748312284121435
0.1756191934345379
0.1774830935418061
0.1794541502275756
0.1787955934083069
0.1814811784687830
0.1854476943544334
0.1832074961546843
0.1856486751631129
0.1879405626970998
0.1880629231166387
0.1894067168186450
0.1929580332678547
0.1935513849340153
0.1961216573585391
0.1972834664384292
0.1974509801703743
0.1981003518207466
0.2014048109768912
0.2016370772391730
0.2028399199260585
0.2037399211915862
0.2054489730882686
0.2045175075552042
0.2060665098047194
0.2066912060634658
0.2075529993546908
0.2077608156054098
0.2077632095700890
0.2094595256305577
0.2098106570587543
0.2101898641372984
0.2104477645877971
0.2123121303563528
0.2126765340625665
0.2150247423979569
0.2165786187241686
0.2166952249671776
0.2190487488261651
0.2180101616391960
0.2201175956149202
0.2191754967063551
0.2209748715259949
0.2250979338889466
0.2235446466242637
0.2254277771457228
0.2298077876818403
0.2327899491567118
0.2331680009296015
0.2339143651695523
0.2332258202290283
0.2342138985331235
0.2345025065515668
0.2342037471170555
0.2373704985889469
0.2377519580711387
0.2387088170455344
0.2399348389543290
0.2406388582850987
0.2429623013562347
0.2441874277983734
0.2450633730017875
0.2452057349706095
0.2452860918106912
0.2504716507394200
0.2518653591404973
0.2515321351827737
0.2521855781097829
0.2568554669883361
0.2572666468365428
0.2586053219896766
0.2623777963511542
0.2590725763044658
0.2630361552643758
0.2654962885498517
0.2669409132874296
0.2660183297777634
0.2697814350341360
0.2680685977768472
0.2702914677887649
0.2709218730548964
0.2733354653573294
0.2722948264667275
0.2739675754094346
0.2763992986997586
0.2792499658089364
0.2799121072887965
0.2828554167798047
0.2836276121826971
0.2856560932871215
0.2829907239801207
0.2866250408285414
0.2858741117109890
0.2864316321380584
0.2877131864836966
0.2868934666211221
0.2880273630321153
0.2892585868431528
0.2903315561312864
0.2921853858475505
0.2943487555227935
0.2944333768889463
0.2947129133598473
0.2964960915485844
0.2969965479788355
0.2966203155445961
0.2976433580264651
0.2987487000873074
0.2990039974912088
0.3003123282922023
0.3045287692474801
0.3018944618766636
0.3057784262605842
0.3047924732346053
0.3048164091561066
0.3068050995035121
0.3062322518351638
0.3070612052954087
0.3074047948733926
0.3078163104633876
0.3079850377086480
0.3080693075005288
0.3091901658611326
0.3094459326516120
0.3094598070296737
0.3102315488784721
0.3109590068044881
0.3110561544592754
0.3154982981809873
0.3182258295445823
0.3188195062423216
0.3201034461707358
0.3223779417212950
0.3228115738941411
0.3246799471437372
0.3257494803172301
0.3250256550149180
0.3299748992221313
0.3303650665703998
0.3309798856875766
0.3311052393778717
0.3314716831461860
0.3326808322838884
0.3324681354372148
0.3335434958960598
0.3362687562295556
0.3377506250225709
0.3379513567024615
0.3386144709487513
0.3397481796982457
0.3407693851463354
0.3397809678408228
0.3421929773605396
0.3439077121875750
0.3432601542879176
0.3454694349064815
0.3440075918771362
0.3455104554749608
0.3459720301190261
0.3477733495402026
0.3486702872201196
0.3488182059250857
0.3493016070450198
0.3496460017513698
0.3500883413246313
0.3506362379298714
0.3530873890747723
0.3533825377716602
0.3541753507937190
0.3542050753506856
0.3549073954834172
0.3562153858860095
0.3563500695658615
0.3563635853847319
0.3567504362933107
0.3564018334059053
0.3586895709664978
0.3576540264103813
0.3598302879183694
0.3601643952355554
0.3601858347468944
0.3607037409025727
0.3628116940906326
0.3654892744335762
0.3667481953123343
0.3668331938641300
0.3681427358501324
0.3711899972386611
0.3733407419050768
0.3727001954674256
0.3738021838356751
0.3745827969976621
0.3747604016097078
0.3749614331754676
0.3773989697813052
0.3774573320417932
0.3775062465004186
0.3775772030360890
0.3791997495010494
0.3788972028432867
0.3794875686892716
0.3796466804946059
0.3815697749990829
0.3816669957626923
0.3823324210859521
0.3825743200176276
0.3862472727830742
0.3839204336441683
0.3862227170663992
0.3857239570402186
0.3873793475271106
0.3871091368548149
0.3884559228962547
0.3876722116897219
0.3916406745052154
0.3920009617656474
0.3920386570468725
0.3935150133415661
0.3940695386352341
0.3937223886110459
0.3946002709654161
0.3954992161111437
0.3955278021262623
0.3963939405029611
0.3967781059428948
0.3971317812787051
0.3987354046659243
0.3994414146986983
0.4027795611893663
0.3996416425330758
0.4045147893040044
0.4051181191602340
0.4046800548232533
0.4065726196423977
0.4111561786435340
0.4118568410220821
0.4128212586104969
0.4120596323218474
0.4131589785279515
0.4132807750316713
0.4132919290164914
0.4137302634370189
0.4202746466827926
0.4172911976544611
0.4215171557951333
0.4240606927424952
0.4226095985726498
0.4244978681320780
0.4261421204666337
0.4286749360285117
0.4301353993034621
0.4289228354715383
0.4303458339676009
0.4316264360359062
0.4325342524948224
0.4345558022309820
0.4329926462066326
0.4346137551751983
0.4362035041843557
0.4356157264838069
0.4367169912144155
0.4360325841400924
0.4370130274617174
0.4382327350034531
0.4388374488050292
0.4398826432600071
0.4395914009956603
0.4403752668017406
0.4418602946409305
0.4430132468431318
0.4433045114592205
0.4443428122644978
0.4443796297741959
0.4451216051565118
0.4462994856044182
0.4455884645905292
0.4456738487098710
0.4493264562680044
0.4519711972456291
0.4506159627114497
0.4522067417633751
0.4543072159654960
0.4545079895549025
0.4559425681158633
0.4576340776205222
0.4565144276509595
0.4579066007667718
0.4576814144187055
0.4582279415140990
0.4591484262883423
0.4630563843357639
0.4641701562628942
0.4662846161361247
0.4672660070784697
0.4665731151898266
0.4687299581564637
0.4673988942370745
0.4699243723740449
0.4700150361610647
0.4717702923676792
0.4701088762237266
0.4726130512881154
0.4727852369997582
0.4733073555274435
0.4750114472000913
0.4750637907884381
0.4757653323354969
0.4759296218286872
0.4807545507702765
0.4827872028028533
0.4830112911216036
0.4826237659354805
0.4852995856130959
0.4859697844302141
0.4862404332897814
0.4867374177494726
0.4878522322922257
0.4888466570940086
0.4933037261913082
0.4919183507989712
0.4904967688445452
0.4931254207590248
0.4938875480992196
0.4941224388285179
0.4956192339284435
0.4962974309438362
0.4965852859879775
0.4995913819873665
0.5003514352721867
0.5004076061306557
0.5005960168785397
0.5006754768549816
0.5024852913350264
0.5069327580309160
0.5131263278951526
0.5127189902182291
0.5132255812702819
0.5160849096794077
0.5161737056990031
0.5164294999634984
0.5172700767951413
0.5172556776168085
0.5170097181187057
0.5173930919344505
0.5185592013963308
0.5220104924039964
0.5233450622872193
0.5245460469855676
0.5249695738428131
0.5261036201967410
0.5263451452024026
0.5274349020456126
0.5334327768224444
0.5311443412355820
0.5356696958354068
0.5356726732736792
0.5357742614745042
0.5410020661265599
0.5360233460255076
0.5413787320914579
0.5417653725211348
0.5422251916221460
0.5427127590136196
0.5435584581194252
0.5450307002966435
0.5456443678334562
0.5489456414007329
0.5459462201902392
0.5503001243575942
0.5503048317275498
0.5507282575362960
0.5523215213568515
0.5533832295580688
0.5549698046198905
0.5523874371090846
0.5542579449500227
0.5559867976959734
0.5579941550074118
0.5563824612444185
0.5586237234802096
0.5591176280561451
0.5618396725327892
0.5642301698980062
0.5645375859758526
0.5645306769593296
0.5658067011115172
0.5665678724490888
0.5674275758524554
0.5686139676573752
0.5687542476545806
0.5690690728691729
0.5709938009134465
0.5710758034005183
0.5730399063662812
0.5744218521632356
0.5732154425108877
0.5747547543490095
0.5765817624407735
0.5798975278529793
0.5793680961147734
0.5848383054066628
0.5841987848208280
0.5865992985603397
0.5870056131794144
0.5882003663984129
0.5875869829149856
0.5886515311843955
0.5889686013520549
0.5902835901781375
0.5889754763753039
0.5931347131697157
0.5906082636632995
0.5938479511969946
0.5942394042360780
0.5955252314896906
0.5957801153863688
0.5980698543591750
0.5983986806116992
0.5997162864542176
0.6005572563039872
0.6008142640817977
0.6007676355544327
0.6013696108019769
0.6024638985295147
0.6031816804796372
0.6047372392400807
0.6068618691558306
0.6061107141925538
0.6073407854919046
0.6086577887687170
0.6096744409807373
0.6096813420810184
0.6107425855522708
0.6117421493920229
0.6125473378284589
0.6130691397064687
0.6163170037867115
0.6165317020455988
0.6165921406897680
0.6176636729471682
0.6189240951179173
0.6209818802871657
0.6214479122410751
0.6217253890921014
0.6227972501063707
0.6235897231956896
0.6236732409445910
0.6236982558032955
0.6248944707330756
0.6252425897984032
0.6251207900350545
0.6289764836565482
0.6283632664142006
0.6297145083685007
0.6296087338727008
0.6306294880950030
0.6306058865183061
0.6317840542792268
0.6306838968911599
0.6317597141637279
0.6323570616693968
0.6325719634222667
0.6332055947897982
0.6335389873169078
0.6337689276010585
0.6344156421881242
0.6350192635483198
0.6353896249250460
0.6357703360895488
0.6365200433118828
0.6369892380372572
0.6373425096447312
0.6379855296751417
0.6392444756996094
0.6424239970009886
0.6440066563170435
0.6433245910533353
0.6444399234114401
0.6459815845107574
0.6448901768982830
0.6468640154445842
0.6470976540106803
0.6496265822321300
0.6500237312400824
0.6526423965825897
0.6500594362849647
0.6501781137893806
0.6535308163862353
0.6558066288269155
0.6575586943223880
0.6610465555736080
0.6579136651279003
0.6628367047118194
0.6662068612250531
0.6631484514396397
0.6676490440348392
0.6689859501407416
0.6679978397060176
0.6717218783086734
0.6692031294429689
0.6724777499551315
0.6745038212623931
0.6744117022838498
0.6750610357499965
0.6763784916495804
0.6770339774326579
0.6771118685962222
0.6789013169141959
0.6771977835694317
0.6825731437106491
0.6800638324022590
0.6861955265915932
0.6838662725332502
0.6846938881486160
0.6860724425344134
0.6884376149105084
0.6895154443054997
0.6918775642718550
0.6932568232031804
0.6928119522951599
0.6935621219191523
0.6941669186084377
0.6943469954162589
0.6949544175038833
0.6985830951941121
0.6958728906213645
0.6960674634650664
0.6986751811107039
0.6987265007098794
0.7034313723926578
0.7114558358264416
0.7061838357272483
0.7121096056476746
0.7119391824640050
0.7128607848253384
0.7158293909001301
0.7170372501560660
0.7181227373509308
0.7178058916320120
0.7185609064617012
0.7200660457462380
0.7203991127761077
0.7208511613872141
0.7217590728410329
0.7236396925168297
0.7260353284543545
0.7280148741453956
0.7293864636353155
0.7296819271192336
0.7303784092564035
0.7347514139184502
0.7355966790279358
0.7378491986253528
0.7352516095783802
0.7396498311961301
0.7404424663355772
0.7421367246388163
0.7429566461327284
0.7429268275121818
0.7459897616626647
0.7432204306792562
0.7464235502977034
0.7472527510240919
0.7474849325360194
0.7478884280416594
0.7484924559241591
0.7495625581357453
0.7500782132847599
0.7506353770152830
0.7508278501922394
0.7516088093405631
0.7531480764752012
0.7543661909896723
0.7519102104715585
0.7552673522174672
0.7578601901223232
0.7580126019930525
0.7581806959389619
0.7597799397817719
0.7600422146544057
0.7608100961711305
0.7621475154357717
0.7634364481845110
0.7641490929593096
0.7646504881627162
0.7676876363194024
0.7654781722302912
0.7680209035836257
0.7681142421290811
0.7687624566111538
0.7696178335554981
0.7718654683660089
0.7702709575045253
0.7735488213475555
0.7737335561652359
0.7746379942515110
0.7751829837333332
0.7770860534054628
0.7761425812617608
0.7773810498311096
0.7776773999341192
0.7782354051145890
0.7783887189712323
0.7786961173539497
0.7789387510991370
0.7791939702719421
0.7801100410428411
0.7819030833346318
0.7836232738493119
0.7823444096289316
0.7886991257726677
0.7825027991936090
0.7889205318824019
0.7911522685508953
0.7919522932693140
0.7931590214339825
0.7952829239868013
0.7964233862219487
0.7982943187459811
0.7965953148885608
0.7983295632518500
0.7987084401765412
0.7995232105252906
0.8009308137935264
0.8010262617846142
0.8024537608970207
0.8025157678884062
0.8033407064170300
0.8068292317012461
0.8073629824478938
0.8058584573705952
0.8102010566788731
0.8146207154796555
0.8140059005534304
0.8151242434117590
0.8187799080362450
0.8155595989970302
0.8184935011987079
0.8189991716383953
0.8193990149625573
0.8195416758859259
0.8198727205488238
0.8202287260537170
0.8215214469570301
0.8218301654894977
0.8224314934678523
0.8232389142845007
0.8249571606633054
0.8256961423092039
0.8257816181638192
0.8263605892780985
0.8297504963491813
0.8299029841227005
0.8311874628212245
0.8317270678615789
0.8318487670420897
0.8328311847675737
0.8339843302192094
0.8339901984827547
0.8350146994157762
0.8358228364194850
0.8360278801228981
0.8374802846636066
0.8368295495569844
0.8390769818048351
0.8403593962268715
0.8393762585890369
0.8418604949684164
0.8424619863938829
0.8454565935979861
0.8435075771266164
0.8455433998469000
0.8469596490482612
0.8470271545681297
0.8471860419247235
0.8483818140106191
0.8486615283641319
0.8492575575826957
0.8499242644058188
0.8508215541256692
0.8527395016759353
0.8530310466201190
0.8531549018123908
0.8539081941609775
0.8544269771568602
0.8545916238122581
0.8553812102672557
0.8567486618909745
0.8570484215659315
0.8577900756419590
0.8591003086693121
0.8604618612958407
0.8610011915960355
0.8624926334537997
0.8634010520127606
0.8617983748492777
0.8625459749542856
0.8655355250768063
0.8657596138612179
0.8678094446043528
0.8684073527662117
0.8715156916861961
0.8723515527659802
0.8724646353500265
0.8732658996587926
0.8753329207540177
0.8758904807622966
0.8778013144050731
0.8762632444856051
0.8767243497430925
0.8779525490840676
0.8781236921800877
0.8797021987287803
0.8805333817752700
0.8822276764000895
0.8825109004427264
0.8835580581256924
0.8857582238902143
0.8881312263608589
0.8853364227737004
0.8882154249065628
0.8882534261272538
0.8885176116081502
0.8897598352701216
0.8899519610637575
0.8924310034571360
0.8927540471277917
0.8928005443386736
0.8933091544980691
0.8941900780863082
0.8961775348969631
0.8958716447911559
0.8963001239561942
0.8971593016279672
0.8979145874725257
0.8988878051279522
0.9014186234685679
0.9024713406816457
0.9027734342509757
0.9031563438024168
0.9042550497242506
0.9045827816727491
0.9060957701439484
0.9071849635370006
0.9076006281690675
0.9108314397329611
0.9100587106822332
0.9111197362240030
0.9114653830935552
0.9119905861616091
0.9116564793100843
0.9130583605324190
0.9127067173424673
0.9131094561485152
0.9136904580116694
0.9143163556765376
0.9143571587811956
0.9147340049570118
0.9149898555665230
0.9157804492468855
0.9168743490785707
0.9190777265089926
0.9178016972345308
0.9207879970412646
0.9203723850289232
0.9208454824615482
0.9232376049846586
0.9238072633388485
0.9240572787467657
0.9246657373964161
0.9248703885473639
0.9253796264181749
0.9265965362668953
0.9285958897921237
0.9287814958620730
0.9292779545901706
0.9340907381540587
0.9326151637046669
0.9344213124990562
0.9369186144028411
0.9347526430779848
0.9352863481898263
0.9384689228322678
0.9374304795346364
0.9387166094680860
0.9391875331938209
0.9393494366385738
0.9394666696616759
0.9400514275487751
0.9402207610850319
0.9423929736681250
0.9425378250621901
0.9429431464257385
0.9443766507061090
0.9439827785566369
0.9444067356849121
0.9444851143958444
0.9445728584865913
0.9468871708712016
0.9488509520650147
0.9484520982710887
0.9491540747457902
0.9491662606360234
0.9499731124145785
0.9523502611333273
0.9509898181776468
0.9554545534567230
0.9557260973172850
0.9583531571358224
0.9602829185129529
0.9589466969291431
0.9607593635845740
0.9613176509557839
0.9617542000309350
0.9629521192810275
0.9630824266760993
0.9644166105261149
0.9669285672562795
0.9670137273925421
0.9698336729639366
0.9700685748691059
0.9707698807915532
0.9721852210220812
0.9724196176847534
0.9744109036281756
0.9744347608529194
0.9733068449298418
0.9768073800843243
0.9756554923838263
0.9769896766995032
0.9786197915573697
0.9790880842968300
0.9792611328788386
0.9808906945310956
0.9799755653273200
0.9853868265568217
0.9855159497752394
0.9898064127144434
0.9925656472298157
0.9923679428139552
0.9928046674434118
0.9927872423980326
0.9934261152490164
0.9937089867860587
0.9942251676666668
0.9955794271061101
0.9945415048834595
0.9962517907825540
0.9971706015044687
0.9966460233538625
0.9999333433806585
0.9986936533817526
0.9980431669382579
