0.0063588121004211
0.1042831349672205
0.2350409344001864
0.3329844639324511
0.3419159428877365
0.4136511596914619
0.3624506370920924
0.4223219130292171
0.4372421370061311
0.4670531882285388
0.4698853127052474
0.5163662300987012
0.5209980157767413
0.5316745734455411
0.5240989870038344
0.5672292688708889
0.5410844504558875
0.5812521141866465
0.6411003701580225
0.6866493940756886
0.6943795586444342
0.7078576067964815
0.7629345570518330
0.7363801937254053
0.7285966620448030
0.8279196754227950
0.8459848309149895
0.8545558992096017
0.9627974284639570
0.9401337490138290
0.9643922820521482
0.9739212458831823
