0.5266007210717540
0.5783190529692541
0.8083232542538658
0.4889342447225630
0.5178510521156020
0.5226329069224339
0.8912666453473580
0.5185083530463783
0.5698896504798390
0.1353556146544198
0.9218154968329777
0.9530552718569782
0.9999541002325499
0.2285626084676770
0.4517605162466692
0.7389965577698296
0.3151464375272144
0.6661755198920963
0.4119628264624453
0.8592243543170506
0.9837230066693029
0.4325730909745084
0.2559400085620303
0.5837239020428265
0.6476216337865319
0.5767990502420809
0.2616374186527158
0.3400952961948213
0.9816431463610582
0.4763608903048378
0.1974833534087443
0.1027207407647375
0.4274900329427281
0.8249836684320977
0.5005153382665083
0.1612902452057648
0.8051511732885387
0.1757694604693770
0.1573221088188338
0.1126829181391201
0.8618051641908498
0.3593945556131166
0.3442961896510311
0.5860594648802930
0.9014262430842157
0.2708675164128037
0.4703483499914167
0.1447183057408399
0.2805645862969405
0.4490018926789062
0.3748102543758276
0.4359452945347621
0.9325652457459668
0.6240852524638573
0.0008381600495606
0.0869559529642369
0.4687014699302155
0.4656051171317721
0.4252036336926761
0.3974714728060511
0.3030434513013081
0.2512860210851235
0.3641563776713593
0.3762395225354654
0.4576552535675724
0.8118467101882429
0.7076581337990510
0.6102547606501052
0.5517622463180508
0.4680738674793736
0.9174907258327542
0.2666290710990453
0.2347979616535818
0.2493415117493558
0.6827879714233744
0.6174357126548121
0.2420225894274295
0.6736605068080409
0.2121379227433996
0.4020675483169349
0.5492845627243093
0.8256457074664746
0.6274053890385690
0.8023735712293413
0.4926116515382247
0.3240274029430130
0.9285612632187834
0.3291509180931146
0.0394803909768725
0.5469311482957244
0.2718094062394507
0.3006906664467839
0.7080309710968430
0.8765312246403336
0.8602925300878903
0.9365531871731175
0.6494168185859066
0.7484699733315362
0.5348417831281395
0.0858490346399364
0.8647251934114495
0.4363256662321862
0.3254723643537016
0.2140276926634962
0.1634305953809203
0.7780165671268555
0.1244437010606954
0.5252837271081674
0.4436015069687746
0.6105276241947559
0.1377798412636760
0.6657921186023356
0.9681373494528873
0.4844322546778397
0.8529043704517671
0.7637541828508275
0.4165511738586012
0.9755790415106244
0.5569506690636978
0.6698949535702797
0.9244846556915365
0.8136082076530942
0.3131460255538793
0.0452514840500669
0.5416924294744118
0.2246621764379843
0.8971993932021779
0.2302015490039259
0.9974341089825305
0.8750696693896640
0.2959334320835459
0.7531930281562699
0.9152242224268728
0.1735063284512173
0.1208622796092472
0.3323333926183793
0.5273297371004381
0.8308914470630192
0.7925507881643953
0.4010966789913814
0.2318838081471081
0.2711635284457186
0.4454225871923485
0.2174229418008695
0.2273828472138303
0.6235131228452144
0.3850556595181374
0.6304695213355448
0.3012450865010010
0.0261688223230507
0.8193967835136674
0.6017405142084419
0.4528223012819990
0.5844176465572871
0.3073856883251042
0.2312636800255923
0.8486701901297412
0.5998855105600718
0.2757759831267297
0.9669484109463862
0.5019427759116249
0.1522347466797730
0.6093874469443166
0.9748207931289546
0.8130701183402306
0.2694789442557278
0.1326161060168483
0.8788938251691376
0.5685196176956033
0.1092146100053632
0.5699503601388775
0.1557028541135149
0.8978690858454765
0.4857258049239059
0.5936033560864643
0.6916057452054721
0.8177596683696656
0.0867462889695290
0.9448787108738342
0.5764936565312062
0.1288853199821363
0.1755729397645094
0.8543986221097404
0.8776417984057413
0.5257058052931474
0.5374695619277049
0.2509273189357143
0.3354493525509952
0.8972683245769089
0.3887311641074396
0.4046751537382021
0.3753088779632509
0.8163119283580742
0.7545799141538236
0.2246171833130611
0.1409999426179565
0.7860355799952687
0.8999929804820535
0.1820229618726405
0.2599201934691147
0.4786916354106234
0.3703163463484107
0.9068330777375182
0.1435375344676606
0.4353417979717915
0.7895985118996345
0.7821894971570883
0.2588787191821629
0.9746332946115328
0.6617825360325084
0.5790830983682923
0.6496342758879226
0.4032748483136645
0.8403756077589354
0.1928396044265663
0.0552315973002611
0.2774558254878297
0.2000589739531553
0.3911752306815122
0.4821020641746475
0.6893925833000767
0.6211475243890414
0.6264424066182424
0.6175280327990316
0.7936472533241135
0.8293866183745613
0.5008950212508883
0.5426221636788091
0.8507049497453053
0.7980903693465937
0.5048376081999566
0.8056810166713227
0.0808471949216198
0.7988050476642349
0.5164360927960072
0.7414116224932539
0.9051392441173732
0.6752758806921895
0.3617267936289901
0.5422205224364161
0.1003205888440463
0.0881367018856745
0.3135485925309121
0.8111946670390641
0.7487689255498204
0.5593317158330845
0.6881480066516195
0.7035477937681357
0.5277698610572935
0.2280547899324702
0.9168543950267389
0.5718172144013537
0.5319224435519065
0.0205087768940762
0.6910132587379838
0.8598396092931925
