0.8036359016800466
0.7085995365439912
0.4324106948601132
0.5265485139221645
0.7008734898180111
0.5807433713137840
0.5538416707673304
0.4169605865222218
0.8565776789824374
0.5010506578260338
0.1584060821488528
0.3310226757689484
0.4981116487170158
0.7624799868848547
0.0011395737534108
0.1528160735745058
0.3797485667186550
0.4341608404340971
0.9412451758707152
0.5076708591113197
0.4241290839501327
0.3375139498792188
0.5969556200303862
0.0331058507008040
0.4100327284122038
0.4200664239097696
0.0563866514975143
0.6904517187226804
0.4220365720903671
0.1686671228002138
0.7883329031934649
0.5111039725649654
0.1244668993747173
0.9151777908742325
0.3931312232246302
0.3564687363600678
0.1700520036602635
0.0640255180485665
0.0768818422578656
0.1531228279476626
0.5353693163652762
0.9521001511961688
0.9472411540091229
0.2820754313292333
0.8417743504241921
0.7015075793962495
0.2378869127658600
0.1653428558098818
0.9173775966825791
0.3652674441064090
0.0499330964171947
0.2255514837920440
0.8437880928832051
0.5464770880278559
0.6404184841739100
0.5134635109051426
0.7812277827324475
0.0953443842452692
0.4530660102390991
0.6804340885395342
0.0557260839528060
0.5882929948104048
0.4403637784721161
0.1940247808555257
