0.3628040171986465
0.6471170576508702
0.0963879381755311
0.9920769161507845
0.8367297462358744
0.9168449863404246
0.4136854235146593
0.8109130108779823
0.0149738262477209
0.6650977454451368
0.2978076964140906
0.2539536316199012
0.1986866356798851
0.3262858718290393
0.8866478306644819
0.8900899779471056
0.7422593570045471
0.1530131754246602
0.6924393622635115
0.8283615628389462
0.2727866341698852
0.7249604932614419
0.4110102450526367
0.8491885996652714
0.3127945742163782
0.1384088546682190
0.2376204087574130
0.6862099858402321
0.1312320167809874
0.6165060380550595
0.6169815913853149
0.6096064129889042
0.6549831045116219
0.3010375268296513
0.5377134259500138
0.3495499418813502
0.8858731998530558
0.8708699303077859
0.7109186829584272
0.4103044822860064
0.9874337809101835
0.7995557574553209
0.1336155515786333
0.6765753820895103
0.2024467783991465
0.5230045544556363
0.1375467358797541
0.7479899310264689
0.4667707618636874
0.0161946429946435
0.1833648109731101
0.8123780250606956
0.6374671951110787
0.9111482319008318
0.6683335572799358
0.6820972038815251
0.0077056367917478
0.5086375589057047
0.6714525281784369
0.1026410949894419
0.0888834875490905
0.8647752375643585
0.2774177441733972
0.5600263222865883
0.3623986706893885
0.8344582765523616
0.7402540155408224
0.4492391946023513
0.3631436817176378
0.3558586283381370
0.9159664790686064
0.6486137060674902
0.2505578763087084
0.1262271204619795
0.4992136044889752
0.2830506462059220
0.2322107829303531
0.7666287104443781
0.7287364386621566
0.8733245948671012
0.9664659313701400
0.3929085379433392
0.6137972137023682
0.0897706957020660
0.7760826646238951
0.6213443338039072
0.9342182422681796
0.4059978012954806
0.6050463731424167
0.0143934045985310
0.9099510875111217
0.5479277994241230
0.0225249212340102
0.5763511800097074
0.7342824231527199
0.0846859277620380
0.3163878965733516
0.5313777083211475
0.8651437535254023
0.4710655014361560
0.1978826374736999
0.8134880204747841
0.2931601196961292
0.1421317328429463
0.8080338913984755
0.6256127341769695
0.6732233123263452
0.8642102688849952
0.7819891501134211
0.8916459562683692
0.8935870024811416
0.5167507005467782
0.0290240897000879
0.8078755893781202
0.9650306780659736
0.2706062548191316
0.0793247451443806
0.2109916416048033
0.1365204519296626
0.4992355818391012
0.6524239697737730
0.2896599878043216
0.3154150272325683
0.1803626977747133
0.3558614996056359
0.9642238719222247
0.7106153968305399
0.3129745308835872
