0.2059404245605415
0.2407155890207344
0.7069046714840944
0.9468136331750143
0.0967327724661365
0.7877068383561945
0.9888322525605709
0.3036687855160184
0.7612781677214793
0.8021648949022241
0.9853886216810851
0.4265645939980469
0.2711313251737185
0.9041821946875109
0.5901461129962216
0.5857211274959711
0.2149898247863119
0.3339851835435187
0.2889798159194085
0.8837661574984743
0.4578090768576642
0.3971547467620832
0.9798288303333469
0.9831514125611407
0.8257909150914247
0.0679099415745167
0.3623880429018233
0.6558370509444909
0.6533152240576759
0.2689707373590072
0.5911827928345570
0.0091991704000156
0.6104569130625841
0.9493378428506376
0.5211247906652861
0.5443567114623062
0.0032495469801359
0.6151360951434524
0.5923510760033275
0.6445343879258886
0.6894578704095715
0.7184279736682903
0.6189534429549023
0.7505157430425825
0.9180933166845204
0.3943735167357947
0.2356957785020097
0.3389492832771266
0.7206040386672150
0.1920778798833852
0.2529272000551816
0.9474513274372794
0.8144602383554262
0.6332260396486270
0.6300483744731398
0.2230297700609219
0.4613454139145768
0.8323716622928026
0.6705281551324428
0.5667033109658879
0.5825474036776216
0.8742136097858724
0.9081396711562479
0.1034531230588691
0.7366392504128810
0.6958816892913923
0.6835519204305261
0.4571266758521677
0.9280410473831189
0.5858833680794963
0.9417673120935295
0.2832143559508092
0.9836804652510586
0.7175794745411628
0.3582286133236385
0.7483041303922907
0.7475195032300053
0.5602907866985960
0.8072520433027539
0.4850917893858123
0.9377042073466370
0.9946128749263533
0.4585888872195915
0.5034274996739940
0.1059870208175792
0.3238588810543804
0.0962138809711737
0.0666974825163826
0.9845886528420209
0.9814883158456014
0.8741244170228599
0.4090769032058664
0.3555121809968316
0.0932260137485461
0.8496130718149306
0.4468979935380155
0.0145773934268287
0.0022513247105532
0.8380144102675907
0.5081933673975026
0.2059258498279032
0.9957580575699723
0.7056735785238788
0.2558342508300367
0.8062537004268978
0.7059430748717594
0.7852593696607554
0.8542258883147621
0.9745049062066269
0.5039586147777544
0.0324385697173134
0.1950412388867891
0.0581019702638043
0.5198142237587898
0.5176587139804190
0.2900058689015014
0.1286386275331670
0.0294129499371224
0.3434495932159245
0.3573131800430422
0.3626169834111896
0.5036401918640547
0.6807046591680053
0.6032066366650195
0.0939424289827898
0.8904039137486387
0.0185783733700301
0.2467212300965196
0.6437142322043489
0.9051006584917664
0.0267672711176645
0.8775256745878260
0.5740127975931451
0.4330891479892140
0.9293102547197185
0.9174510743084602
0.6002059022896951
0.6605997829048893
0.7005512824750278
0.1654045577931239
0.9544028290335103
0.6483475662061701
0.7775452270999296
0.2026318685163892
0.6338141549536093
0.5145023053113847
0.2402453684435437
0.8039074306394474
0.2721867571921026
0.6428281276686248
0.0123417265770686
0.4273985807911486
0.2879473568349832
0.5312263255618636
0.3208537182402116
0.5884424632361357
0.9524796097318081
0.3248007624991242
0.9264153227798712
0.2623299612953933
0.9796594916748160
0.1370765786324984
0.8460570764011038
0.6812830733513846
0.3246138167216507
0.7844176407830872
0.7072886413462873
0.4001951070503309
0.0791641949113292
0.5126238747093006
0.6694622392158314
0.6518545004780658
0.7185895348519969
0.3343122575126179
0.7861120145703256
0.1846288834626921
0.0576443574659733
0.8287159306130912
0.2286458142235157
0.8501996546286157
0.3055953431434908
0.1409322126493474
0.6476979975810730
0.8602453450952867
0.1435150164847798
0.0568820596937472
0.0167772728096588
0.9756241119353213
0.3144492969449839
0.9493337543445330
0.4524092685675292
0.6425768144626994
0.7885206745884011
0.6669778072587111
0.8960065971575708
0.1828784272926293
0.6377275072213856
0.2862138698278991
0.3965101975000045
0.1468893825760527
0.7698529557184562
0.9186267600947184
0.3599569119326569
0.7958188521656295
0.3274483477358932
0.4243803971560581
0.5613350018678862
0.3573763935628237
0.4250466103782163
0.7583806266814380
0.1031926349285956
0.3586152449057509
0.2464211309544841
0.5999479520134385
0.3252294898616288
0.1320361043941398
0.1308065523071245
0.4657246258415862
0.4337865195394431
0.6500338994199568
0.1197475512138324
0.5970932508805270
0.3462675490166375
0.7186963226267585
0.1290943879303962
0.6893779461688260
0.3751412594575161
0.9991477024737502
0.6754354763196015
0.0440505035426703
0.3568130416594507
0.9567911703869659
0.7892006937364120
0.0960596278757135
0.4741657071160924
0.3030395001652835
0.1848792779188972
0.2660239829057939
0.0650806976785328
0.8112858831003709
0.2818372679324063
0.8389621399524445
0.4366861807353264
0.3846396186317502
0.6380703438250676
0.0482686679103731
0.2515015696415219
0.9868809650591021
0.5083797483278344
0.3384301459130040
0.9954623598584265
0.7358821405730592
0.9711366114072206
0.8930279211574365
0.1202708930337200
0.3928992177326694
0.4571524329749646
0.3609410102297277
0.3355589310338529
0.7389538859664248
0.5979614377012297
0.9378834445671567
0.0070528402026057
0.5370852851947235
0.7923882677184363
0.6696155437592489
0.2284439616969060
0.4576642398990990
0.9628799841566383
0.1238937206211936
0.2817624804013234
0.5820081050423943
0.8102214475209925
0.3918684853202982
0.1336327782523040
0.9661040864727013
0.3113813466911117
0.3862938375148428
0.4405271119626831
0.9391707568146153
0.6429097832380374
0.3847268816943871
0.1047006375643893
0.7036155446915028
0.6664596300881633
0.1870028917617178
0.9576018391910949
0.4141112847319391
0.9683624897004862
0.2683643960712312
0.4004047691823937
0.6029556484906727
0.8755841827372015
0.9433592641462383
0.0391525058258104
0.0361654143948878
0.8321197348796389
0.4363841220905930
0.3079399765971769
0.5471866687513826
0.5663417044870284
0.5050273134862200
0.9940577628994629
0.1288210512738773
0.0954087600556243
0.5350302548776522
0.2534937286998582
0.4690982585163313
0.1344308839805568
0.3798670612181849
0.4256978940338352
0.7045050266685453
0.6159832182414752
0.8299489844729886
0.9525820375199346
0.0463045975409004
0.2413708699128455
0.7202106251941112
0.5799776374269173
0.6841522341985964
0.5466001758103259
0.7091548441486223
0.7654656058947861
0.1804382736703559
0.6260655776718936
0.2841639315170068
0.9431970063332454
0.3120854428559939
0.2200380806904463
0.1800221643317594
0.6325159238802809
0.6951326558809414
0.0945473909818322
0.0580002316543834
0.8098934152209635
0.8786296187334832
0.1280020536519597
0.3305157284860107
0.9778486643814709
0.7025022593804180
0.9554734066852710
0.6415461593501020
0.4663001971628052
0.1074137152672809
0.3023124971903453
0.9661402781336290
0.9196545919029296
0.6347261125383554
0.8417734321401331
0.6860739792166622
0.8453686944420303
0.1116474872043577
0.4593174436405848
0.7482752673087061
0.2624176574230276
0.4535683088254036
0.1225664285582334
0.9739647782286465
0.4260276888618375
0.2473667009022863
0.4921420647260463
0.4316818506604442
0.2768640500851274
0.2540897807358251
0.4869448270122264
0.0817075944886113
0.2595405700893796
0.0983614922027856
0.1615994522169230
0.0019934098245545
0.5032389212880465
0.9365500881972491
0.5973323311644291
0.3644898805601941
0.9814225751820126
0.7692210840849304
0.2987602154252865
0.2629406527909174
0.2435514569485334
0.3693369340008762
0.4458497527268947
0.3967940809190246
0.9181180060459850
0.8093276148705406
0.3692231291761729
0.5331320639388319
0.3505986199484200
0.5110054730954605
0.4689863154054555
0.2530030194916776
0.2217485966262168
0.9286634968261530
0.0473911571537103
0.5031782824095238
0.9173924568655866
0.6150225399131991
0.6838283211383169
0.1025933716923899
0.2867980339968568
0.2145573851720232
0.0659725861931092
0.8012561475863942
0.7120724845268169
0.8022474422130024
0.3727612739302038
0.9987309449346414
0.6709915165188682
0.3544181326191957
0.7055549308217852
0.2617223217439476
0.7670615505273740
0.0034797135756722
0.4835460663230838
0.9587366920703727
0.4875836267543880
0.8180148609997774
0.3757688232584711
0.5466125051242358
0.9163736230304342
0.4914822725073817
0.3425540315651120
0.3056085148386697
0.3623088935214602
0.3255734151814009
0.9123889538051509
0.5211466031713162
0.9109595003123206
0.4963217491732546
0.6796383548898801
0.6818306342148365
0.5274692487565191
0.1756638508176728
0.3823406926274023
0.0000209887512126
0.3527579416300906
0.8027249769320363
0.3986872967326489
0.7373961856297200
0.4176918787032793
0.1474053660162750
0.4419866355331553
0.4693834057400857
0.9269002736205703
0.4128987409234507
0.5891387004354683
0.6541382189160857
0.1010453226515303
0.2687378042697617
0.6762763618846780
0.1768141957823253
0.7161885135416819
0.9803470950482167
0.6936264753777657
0.7801716741082126
0.3453267367302099
0.9064642246377023
0.9442234858610776
0.5641268671323205
0.2802558929101824
0.2607921414360367
0.1335211154695233
0.0893876962779964
0.3390113442852214
0.7636634017171633
0.8907926603643189
0.5522427431085346
0.5437834251410251
0.3680263452082995
0.4187839158898145
0.5012743601115767
0.9181703952691380
0.6898332884022190
0.0280781760942555
0.9099056161520563
0.7836906676104715
0.4890505291936223
0.4722441572101061
0.0075502302532784
0.8967198668498173
0.1708021448789174
0.6716489799654339
0.4044062790481403
0.8563319620938655
0.3712869115971433
0.2191232131883144
0.8038440560008604
0.2070492064613147
0.8760129953157217
0.1504122713349817
0.9790443270369640
0.7980045102527387
0.0618038177778031
0.7367653915364134
0.8159355525001584
0.4288308701612199
0.3604347996229468
0.8276772628667193
0.7717570009509832
0.9199149831756553
0.0111222332395251
0.9313740566984630
0.6037709310668385
0.5780384403551176
0.0920670484621390
0.3708835031701641
0.4390377809475352
0.9079843852240520
0.4935624606411729
0.3042759961934183
0.9666680227809903
0.7894588801029413
0.4353978901335028
0.7323394737822653
0.4295358585331290
0.2091743662996098
0.5935743975423157
0.2048994937003122
0.7457906211473936
0.5029696242431969
0.4104746554095646
0.8475334685517165
0.4950059486995479
0.5649797933013084
0.6153860150908055
0.7927556311677935
0.8438930371049294
0.3102746225475681
0.7855811569772573
0.2625053167634203
0.9268588428044966
0.7165710151738353
0.4090520266485643
0.9374118824197966
0.0815078295215535
0.9020907687498679
0.4395503790301971
0.5232203605227267
0.7645993054679592
0.6205269999897699
0.1972888280624937
0.8333332463322828
0.8318711066766973
0.2576899152517738
0.9944056365612921
0.9755336856355582
0.7946544768263839
0.7577920210351199
0.2104975372601755
0.8321087317690760
0.2514548428596253
0.2015439417220391
0.3490285223112574
0.1223744853038222
0.7479745013397068
0.2074440164526198
0.5115845191812071
0.2010138785471273
0.4402567415685657
0.3950555428839547
0.6985092506271364
0.8449752902821522
0.4997037721330783
0.5212982406473244
0.4595305595824172
0.3301149016852095
0.2411526233149472
0.0521400543172565
0.3178929101293408
0.8261405438306465
0.9441201616749727
0.8275572712661500
0.7550581701821919
0.2626662520983565
0.6316990170775443
0.9653800222861487
0.1420345633020786
0.1749054180341332
0.6353608996772026
0.5106408747428287
0.3411818027222444
0.2425583527621619
0.6782348736553615
0.0935215256612383
0.8162817884312392
0.2480181638375009
0.4412796168780325
0.5865208690923270
0.6562468347401577
0.5405514778292512
0.0486878762248381
0.2971357108546122
0.9598923334665095
0.9104485716253745
0.9091433076696206
0.9715720033140722
0.2106596996126043
0.5575713890407101
0.1023356072149871
0.9545504622881070
0.1296196762144657
0.5178981365253674
0.3139805818507357
0.0716391653156090
0.0394514594410786
0.0606788262076112
0.8290320713208207
0.5420226890323789
0.7753345671926321
0.0480708065666588
0.9260459658345421
0.0545477811501118
0.7845577899294709
0.0627753446170945
0.0652169795079236
0.1017745896716484
0.5255286113943572
0.5593717049618120
0.3602452931740532
0.6426423763123538
0.8904186817307113
0.2667838480634540
0.8361344024707258
0.9109023254881158
0.5353844787624592
0.2069345606523261
0.9491608836451363
0.5469714238061436
0.9487199098564312
0.1355249570382409
0.7679529417156954
0.9850914156926290
0.4314235460159478
0.9355378900354439
0.5853178257054267
0.4366966311059411
0.5602789975517797
0.6091118527618757
0.3429093688460576
0.2777621956904243
0.3492229689607504
0.3904393233314339
0.1137072314106427
0.0774383186723284
0.5058219258234938
0.3491073154607356
0.4466509485834516
0.8624928420700565
0.9171966714398920
0.3244568902647388
0.1469546794644346
0.8672977587521531
0.6734313474378695
0.3606563882719057
0.5519176859184717
0.0805472317526803
0.7573240672970768
0.3455990619704123
0.4834345367194314
0.0842586434838635
0.1350210332940431
0.2985065729816009
0.9999721017666031
0.5311143912985522
0.4395745547672615
0.9295419733643262
0.8119463342297573
0.3820393995298256
0.9361878977791350
0.5099979739217079
0.5359477021433170
0.6730299227279750
0.6139112890762796
0.0070355050298551
0.2457330367740863
0.0351490620687367
0.7502861892573005
0.0599828474502931
0.1317170970755243
0.7692505483372373
0.7939659039461826
0.1849476234917285
0.4147080254809503
0.9977842583310718
0.7600297703221579
0.8203498045077313
0.6191643614411189
0.2954227408838564
0.1700060349749429
0.2914298238658485
0.0610497133159310
0.0625317008525746
0.9702962292219960
0.7687245340872204
0.9532444039141966
0.1786965859023373
0.3535192605822902
0.5982126065521560
0.1592783220854021
0.9907592893535082
0.6913761644118355
0.9591952697183915
0.1948981570056165
0.6533247933971346
0.4298026256402036
0.6927291349008350
0.6985702783328342
0.8706679399454351
0.3160666629281205
0.1324038329219464
0.3112199191521946
0.6731811909345823
0.1562760375236515
0.5313626600109799
0.6122268045378042
0.6959038668758719
0.0562905827799302
0.0758247822876204
0.3871159080355968
0.2570663542752463
0.5142163040648291
0.4334224175817438
0.5305722963672934
0.3285850450995308
0.5288529878150918
0.4321662082486629
0.4174620352766765
0.2844268951026848
0.3628259908234822
0.0164277702646459
0.1015348379041696
0.4960206553787089
0.6191549499608366
0.1372439917816054
0.6597698734420211
0.7522629400492938
0.2832334084823883
0.3038963635004574
0.5861813521879639
0.9499862231081287
0.4184517783198747
0.9190382221336655
0.2753994005152022
0.6377244590025974
0.2349824566556990
0.3501490123337829
0.9544502938885476
0.4460893848194226
0.4242906600350005
0.0531232082532361
0.8417611121394490
0.4790117277200389
0.7501077906927596
0.0616381732102661
0.9527771449427945
0.3254750535476371
0.2592249751366791
0.7941571221659691
0.3987522434437425
0.8289555589803288
0.2560797823854162
0.9329025516905368
0.2931862628521334
0.5815197558056190
0.6025358250376469
0.8196114077324100
0.2089297586162248
0.4824530628893772
0.5886279817617629
0.0704894699484526
0.7165214236436978
0.5755671796275150
0.5575879996444975
0.3815100250679581
0.0389913171711337
0.3270676952447126
0.0267539778848896
0.6541063113390032
0.5647746746264281
0.1679564463756776
0.8439942360129180
0.0111246691137201
0.9723137942945184
0.6779407079694516
0.1494788425739290
0.2909071400253601
0.2763024062273570
0.8145414631881479
0.9983718032009768
0.6348963988176065
0.7037749275117064
0.3452066892502861
0.8888262295577797
0.5024401776038298
0.5120649875663523
0.2762460276839538
0.8669872842109703
0.4552857337776971
0.9873276017547248
0.0150026916596120
0.1502387230984116
0.0622191150031142
0.7166658573395879
0.0030643064542973
0.5017985773746849
0.7286899363290006
0.0917598815130814
0.2083285903596918
0.3786181753401729
0.4356729422862050
0.3551410042471909
0.8548583825374294
0.6048353065759108
0.4669976213327598
0.8290217396938343
0.3683790342735029
0.3464290347632156
0.4327872653644473
0.8555689802652080
0.5478513173516147
0.7370907285889102
0.2838753938134179
0.0937438221153542
0.5524182927573185
0.4942463722518861
0.7987784374499594
0.0691982214661307
0.0145081812583414
0.8390024089436058
0.1134871151826750
0.3779448752188798
0.1195178037134548
0.7357270120343785
0.3638912617992103
0.9204370593281636
0.7856561284445488
0.5225507675309436
0.5107498925694962
0.1734444155234119
0.0802917019837963
0.4626352416643106
0.5105066520676513
0.0853013010161469
0.6589661783813341
0.2445600550829247
0.3208457787152593
0.4550028673629290
0.2331917687473780
0.2540573371826007
0.9416660279695253
0.5809320838101824
0.7255325977343752
0.0263701216440509
0.2026344715629865
0.6775635591137985
0.8107380256106789
0.0739964386792837
0.6581448827209626
0.4410438912180457
0.6246797016936726
0.9917463655545127
0.2811658746940856
0.5548559834970422
0.4645146347882760
0.0974668865545964
0.1259623231021512
0.0487643778551204
0.5828986110086081
0.7769552216757811
0.2864107048541357
0.7047164834592102
0.1699374989466451
0.1395447962635871
0.3293908021083990
0.0712110358621977
0.8438797359559125
0.0867222110213350
0.5402006355767142
0.1520821378343190
0.0444905813990583
0.7532015739722184
0.0588537510758516
0.1549943318380948
0.9897352028590325
0.4795544517596971
0.8716707252299742
0.1698789401770937
0.1553475564137788
0.9263806463807731
0.6795237216537463
0.7551898345142556
0.4755486810931697
0.5466831329030372
0.1034147013460354
0.0908855228176739
0.5129819966447455
0.6884176082389512
0.2347416720514846
0.3032821693007285
0.2634194373448470
0.2904834548432769
0.1554255509541489
0.2372348863804875
0.2067353968539906
0.6018149250195431
0.7034448034611739
0.7968117719501312
0.0154511658546753
0.6877445195278826
0.9221397051225135
0.4020239940853901
0.8172685931517131
0.8332451008415059
0.3504098431907640
0.3382345071706150
0.7073620165266851
0.6334117639965432
0.7515174899024505
0.7544527904849745
0.0880496809669070
0.8509880108064916
0.5554976247043804
0.2485784065204572
0.8572783893240981
0.2778893701163537
0.4866435455561818
0.0180701627480193
0.7052253059601529
0.7217172722898970
0.9021953762984813
0.1976894485753446
0.5665622058168809
0.2109931643172135
0.1621126794079843
0.6278028099927133
0.4818275475324260
0.0755913774834906
0.4642813650259195
0.1769019906301526
0.1917565209752678
0.8518480313251950
0.0098624825523526
0.7587442573899144
0.2147339522907203
0.0335361501358152
0.6420753326462932
0.3601157862507346
0.4660195160964595
0.3900070331944185
0.8482068985925089
0.8133446442956779
0.8834366774575024
0.9202380282432949
0.4405406850578918
0.1672937679883529
0.7063585802476661
0.7686582225228931
0.8387459422642113
0.8030516345999444
0.8888227212656395
0.4434763116033172
0.5063691169518834
0.5457486103036202
0.3968933729440409
0.5869190704947892
0.3488178059220397
0.5808641317211390
0.5834618371834335
0.2430975419669866
0.7403878391442764
0.6984124978531210
0.2188514174049960
0.2357723257670981
0.6254791676185463
0.4283701649067784
0.6173615882254027
0.9962133043428013
0.3570060894624358
0.2013455951592632
0.0154178417359562
0.1276660562156076
0.6834068157167206
0.0183517509225531
0.4378777553503764
0.4114341737755733
0.9741586460611591
0.6843643498999832
0.1116287690175831
0.1447208785194535
0.3238052764552670
0.1952813836723945
0.0942153819344078
0.4779241715920736
0.4715519479809105
0.3735897151630324
0.9223427450854065
0.8145166504264421
0.5813437172124831
0.6438551902043890
0.2741817651661959
0.1729271482550200
0.3865807221208609
0.2621966853096134
0.7396899986731308
0.9698076993086411
0.5580022803312178
0.3443255267778065
0.0791285545933659
0.9136170507006427
0.1617711257011495
0.8873096592199567
0.0134425098139059
0.9282624423169822
0.3068680215193276
0.5308376753380698
0.7888094069384082
0.5197024138270423
0.6384691910997355
0.7516948132550786
0.7347263781049878
0.5462368105287835
0.6020745572643702
0.0670839422694798
0.4798177231474862
0.2964729398006913
0.8206992302186318
0.4919622845444653
0.4101163388277014
0.8253066771781569
0.9293233332826399
0.1372624813286878
0.9705236912567744
0.5916789526081080
0.3481564844717069
0.4660345159778532
0.6421100397790364
0.9434385662635036
0.3719831907059919
0.9214861956059403
0.4184895490382284
0.5538506855041956
0.5684712690154422
0.2966183425377208
0.2644830314742788
0.1663099882036028
0.1719717379528898
0.3289997742180711
0.4992052831217671
0.1431934275399863
0.6519366645496044
0.0995210852006083
0.6508789666233952
0.3227920394031294
0.1658062483956135
0.7056167850762683
0.3013067768427109
0.0629983954424962
0.8140322020342724
0.4392195900153460
0.9636493879201120
0.0552627733234608
0.8014312474063743
0.6549751589330729
0.1674961881560721
0.1084343391044225
0.4559373280293948
0.9386721900378691
0.2634979664643751
0.6103223667528119
0.6880180145092393
0.5187698567839198
0.9649829673417765
0.4687321132369023
0.9806271726175337
0.4008901828904125
0.7613038391625992
0.2336248058050986
0.5321111662928533
0.1923718839848283
0.1942541330094701
0.8292134901644724
0.5911291942890404
0.1083684159016090
0.3479660583417705
0.2655425501361222
0.9736401378054359
0.9697960959606786
0.3629848111248504
0.6857205753613825
0.9057100987554109
0.2696297821913053
0.6677492892685111
0.8623047358646545
0.7556956772486193
0.9772475175453571
0.5990273848171473
0.8532566217953603
0.6840425146203686
0.7025432245352041
0.6439747631754609
0.2838446899707637
0.5777043386258671
0.4768192849479705
0.9017221205410185
0.2436799328977614
0.5286322126764023
0.7215984522931270
0.9051876905864047
0.4895156857043112
0.2901296323584996
0.2087310493033058
0.1427456406609833
0.1259825891470455
0.3893757943945824
0.2389763897466363
0.4761824717168615
0.1988021452905620
0.2676558984758592
0.4926856837666992
0.5682870669142749
0.2007336282174725
0.7300894510606720
0.6134039767148923
0.4806366471949204
0.0601294050273157
0.5949102940945469
0.6573128470486556
0.4570203467537744
0.1409678906858749
0.2473387574997445
0.0224972982064343
0.1120909555405802
0.9126897705312305
0.5769733183910014
0.1905621975616376
0.7788544184429824
0.2062107712059332
0.7844316581191643
0.9428780087935170
0.9506937926405546
0.3105729098015338
0.7988950343797426
0.0288428203337094
0.7612813486537343
0.8556268233133605
0.5200194276496859
0.9665205082700218
0.3101824942557991
0.2371809572154567
0.3003479201813917
0.9474944886506975
0.5398707522730672
0.6077334534412872
0.1761519877129011
0.5864574907284498
0.5910466730552942
0.7214340403310182
0.1419158434224854
0.1795804017128332
0.2078115875869112
0.6893525732165913
0.9486980512499334
0.7681473576315434
0.2526397133491187
0.1156622586379118
0.9355809273829595
0.3086465254000605
0.4221523988163808
0.1153669069127026
0.9716044817918933
0.7565254763497624
0.9236810104566072
0.3067427441974835
0.4253017271055382
0.0461274627810938
0.2642669618428997
0.5348276936145628
0.8490465799574957
0.9258693456304582
0.0860920111118313
0.9484307565486202
0.2757253126593890
0.1153298663512477
0.3490637654201424
0.7147054163341902
0.0539323287335841
0.4406490253473860
0.9881690135170561
0.1566101811624180
0.1473147967584966
0.9197891200519116
0.8957407124786362
0.7141546284380158
0.7968401577308961
0.4925309831707417
0.9682341506556766
0.1113700699579763
0.7967657837070365
0.2425267641630614
0.1473252885729658
0.0961250458360301
0.5736453661572399
0.2576690047316574
0.6429625249667850
0.2711571167554507
0.3376613088593172
0.0736179985448802
0.2977015438013252
0.4698466688719796
0.7129637313601392
0.7814329698595371
0.5439244292415326
0.7378822624394122
0.5871848192006279
0.8152563049529010
0.0127173434070858
0.7403906428908885
0.7455350671641227
0.2078738274089404
0.7354172620621591
0.1579234787067042
0.2199066235776556
0.9706224696573906
0.2518475317637657
0.8014663536108408
0.2450051374011697
0.8013443014590742
0.1936746226594200
0.0893830368711534
0.2607006934754088
0.5965552411957435
0.3039387768618477
0.2990227170749673
0.6748058789758039
0.4624079463362731
0.6903540737416382
0.7809173757121514
0.8783335941277135
0.1527165044810234
0.7062908125604925
0.6296867041986839
0.1444374672809790
0.5605125914143922
0.5351239016908798
0.8274157186166456
0.3759827899634758
0.1427509161377097
0.2146475264870783
0.5809776683249407
0.4916715372780671
0.5235270324738357
0.9188347877556620
0.8562778094114166
0.4611427776800202
0.4266644680996726
0.9497153511968047
0.8659075646968128
0.3084398593327216
0.9487158050521816
0.0665355120164042
0.2623504597052701
0.3241762664747314
0.4305106408104816
0.5923401017637644
0.4600903435890052
0.7384047004107408
0.3677998033202252
0.6112944030255519
0.0250316504505610
0.7069491225792790
0.6939031899412643
0.4309133428292877
0.3605529318379950
0.8131254011826242
0.1986176763654769
0.1672866745699601
0.5871394973188357
0.0535314376715251
0.7028729453230617
0.1855920446969532
0.2454952216919024
0.0381909758030395
0.8757303216847266
0.3995165552010371
0.6747432638307769
0.4100352038676083
0.4616714028928761
0.3112684205692580
0.4883445075193162
0.6061378771467777
0.3593012058917904
0.7753674233217572
0.6002837687732111
0.9693017713582617
0.0548712183045555
0.2205660446642740
0.0535126724529605
0.3874859169067283
0.4758054513837236
0.8622214062429133
0.3551747246436657
0.4215970860894756
0.7822259058161759
0.8707990524688731
0.5196748443505144
0.1751089990954423
0.0569477970977071
0.1216258211627723
0.1651762827137375
0.1177835697856655
0.5884573876804008
0.2033147444963989
0.1109107509771878
0.0769916735948025
0.9990581078450466
0.1696185516983357
0.7789983939281657
0.6260067506814407
0.2954587029737694
0.7744208801418641
0.6917325443084038
0.9488721913420000
0.6949198849941230
0.5185070962265632
0.5487662798486493
0.1148654162487320
0.5430508924382976
0.0563492104673522
0.0611803247878236
0.2577187089518265
0.4783413533486153
0.4831257301769805
0.8941470845109537
0.9300493755983419
0.3398556813317610
0.9544361429076810
0.2082538493947377
0.1224467773560652
0.9629870233884952
0.9229020904390617
0.2154340093095945
0.7993944663551610
0.4227960311913844
0.9328962335981876
0.1869980847402467
0.8768102293260444
0.5495242828268205
0.8546214703724819
0.6230525503042399
0.6442129633595296
0.2872751836140059
0.2340110005969233
0.0228870324897054
0.6623550544783263
0.2014006172313358
0.9401738070604270
0.5011752645956237
0.2526720586478114
0.6592896937668741
0.6818831398533113
0.4099315146030539
0.7189659335273160
0.6604447935989335
0.0956460172755858
0.5226123507705575
0.5457794007592739
0.9143885611157812
0.1285466729330582
0.4839319859090876
0.4448871740349043
0.2187340046366369
0.2624159279570057
0.4245011733958969
0.5912212648388098
0.6557981458752408
0.9994377251711850
0.5498469521058010
0.2777240421984922
0.7079772300589724
0.9733056011485428
0.3472385035582066
0.0375293027784346
0.7549917971505745
0.1471347097061270
0.8930660308772074
0.7607809532251121
0.4454808544579338
0.1967208744942774
0.2877376253193885
0.0062687429628655
0.3587629768805406
0.7293524312457780
0.2263119477901198
0.6249065085430194
0.8036890825273884
0.6024100378166931
0.7055055851608075
0.4323697976918751
0.8391898073438507
0.2630920280996207
0.7877162703255733
0.1473553619102367
0.6015676253482548
0.5470792281194959
0.7605870043675355
0.1857824051686481
0.4448836694680544
0.1598327495901998
0.3090223624878667
0.7388463335758291
0.7903284089594746
0.0495693818896866
0.1126014199632227
0.4920653218832171
0.1418648912300658
0.3232269037157423
0.4745707504798522
0.1106033148759060
0.9099131193523822
0.9097969554875963
0.9574308800312834
0.5408006857804957
0.2371259127916423
0.3752162891324685
0.2601714493987017
0.7015500439803815
0.9515891782714003
0.3593192074258436
0.0779192061526325
0.5880978072938033
0.1598471869527582
0.5516711150070983
0.9364299243020033
0.5777377437696503
0.0382595365113856
0.0280301468577376
0.1026782379963800
0.7131460051579149
0.8449086890765041
0.3803373088037303
0.3291490642955289
0.0083236149550991
0.8949965503509141
0.2070217478121732
0.4145154791951717
0.7616588332511759
0.2000104525126566
0.5756753802186230
0.3761153343953729
0.3704251830328373
0.7360512328967691
0.8130712959976267
0.2892718321128152
0.7916823200842749
0.8047536564081691
0.4947032520988506
0.4775580253813220
0.3177325838793686
0.1315372605489275
0.7467380458241040
0.4263361657160968
0.4319371904395228
0.5683597170600480
0.4217646282267592
0.5981066071419542
0.3777462348238315
0.7809686841354559
0.7406742646082650
0.5123652711102578
0.3231115501015966
0.5358225575349399
0.5697244897343798
0.3594989657213441
0.0991168786301822
0.8573791374719605
0.9711634912393817
0.3447972602885204
0.0075536691618868
0.9545176038306754
0.5773675821616163
0.8169533902858167
0.5356305337211259
0.3423802509635595
0.3848779445443665
0.6436139571683547
0.2197781285363148
0.8110063098422281
0.5830495183277175
0.3132545339470983
0.8689520488814227
0.4770855500721771
0.3768400630805828
0.5509401953550709
0.6518633326757063
0.8670322805955225
0.2115399689467344
0.3522580877655456
0.4016810755253216
0.0538363540795801
0.8276030155027300
0.5238815543818667
0.8772844960341624
0.5205248461666167
0.4610895223268724
0.5316017477454625
0.6305743579895117
0.0632347297217859
0.7861024340549961
0.0236091623192696
0.7991910999637055
0.0048170899994751
0.9608316211778818
0.6970571366590714
0.4392958290126621
0.2449982158117919
0.6850131487869718
0.0159916626363954
0.7718739298972646
0.8851397833252045
0.5443383467124489
0.6945931961269086
0.0278473049531911
0.0296543482829138
0.4006315909329017
0.4151488092798502
0.4060375664411288
0.2733791760510668
0.6838118902797866
0.8264399323735572
0.9759434023759995
0.6807637334246019
0.5960676672850119
0.1092840591954459
0.7371828978588725
0.8329643140700480
0.6312265752960120
0.0250510000740415
0.0321582444161914
0.4836139029281278
0.0988665130449769
0.6494847469262242
0.8901415890502471
0.6096871675037253
0.0122242351119519
0.4527195265762133
0.8570831664172388
0.9967779745332794
0.8474179808271202
0.5540037614079210
0.1412179829279045
0.4506390692901980
0.8908375603569847
0.3068769198408708
0.6803917655164338
0.3444030347021311
0.3818042387169805
0.9838401162921638
0.4008345223967147
0.8258179215834559
0.5218080531441645
0.0279491939712079
0.7421030740915346
0.5263662564225338
0.6376716935251242
0.3481530767624048
0.4087611457373766
0.0485764080884757
0.4236907430103471
0.9703177749041085
0.1308428133515840
0.0751640000730585
0.2813492278947258
0.6364732266573576
0.2055204302098232
0.1818705364977338
0.6981069174120701
0.0829609446613867
0.3245969239271231
0.5005004431589043
0.9109481717045178
0.3059218378299483
0.6283284079415390
0.3155522734464855
0.4870598150822613
0.0143120875648745
0.5432557028454057
0.4985977227327403
0.9319259691666467
0.8797637838310394
0.1899148482782370
0.8988550123287621
0.0561922095046342
0.4224651443876629
0.3716817234510936
0.8547260425308375
0.3805968157856710
0.6906829097730494
0.3076645556407350
0.9181866538329919
0.9630909710950641
0.6699511947436031
0.8697300557371834
0.5530467748423324
0.0571447750819590
0.4322348024846216
0.5703253590363662
0.4583093242059971
0.8048119301930126
0.4741107539618903
0.3794418374912077
0.2789627147274850
0.5263464248396207
0.3043622795047063
0.4168316355984805
0.6892995036622973
0.0567580522302343
0.9325838335475809
0.9364904341923495
0.5947274708164518
0.5846020121055665
0.4060174582554109
0.9354208986905501
0.6190442920751145
0.2774169064487410
0.5459466839888816
0.7259178011333187
0.5004836476875859
0.6286666852555548
0.0009790901099234
0.4555674774831009
0.7225940584775964
0.6383408329628133
0.5943796060021872
0.7380380787598146
0.2059897162048098
0.0691602542387137
0.3763929900603336
0.0369839440272115
0.5891472653435298
0.7980886287047009
0.4755826399082237
0.1174289375159093
0.6281528298874166
0.3646119178107995
0.0325026461074607
0.2719731280915314
0.0523638343682344
0.0789642269159501
0.1517617763726794
0.6601754956227613
0.5695549317493825
0.5097379118715124
0.1650848245085612
0.5806455153881784
0.9091771291145948
0.5400090289954138
0.9317503259199440
0.9277277364990337
0.3200673392601625
0.3717709455507672
0.3542818717445628
0.4154184108671818
0.9372314447244776
0.0488914842945018
0.7191765376921634
0.2000689921900951
0.5595517389287947
0.3860761762531829
0.7822942872449263
0.0200857254770052
0.5807880920268540
0.3054626953347878
0.9115204917786273
0.9249053233884765
0.8837701901252243
0.5255854346442900
0.5144000665817410
0.5219190393210943
0.8932938696319674
0.5900669044768749
0.2544635428369341
0.7687644603516741
0.6242851305866080
0.3601897691191127
0.7094495849262222
0.7191738550174860
0.1549812788865442
0.7703542461480732
0.3438150106667611
0.4988842762535831
0.7480309939701254
0.1569156558983567
0.2814286836802162
0.9718866133931496
0.4983112986657355
0.1179966750172883
0.1701170155639374
0.1566805830954949
0.3305600859832764
0.7233651209265762
0.5975874129671545
0.6516497389653929
0.2771627913588485
0.2750343681662504
0.5026257701696016
0.6313192404952456
0.5824750035919598
0.6573853700688972
0.6759147479552379
0.0991688836827729
0.7314280563646127
0.1113433200453144
0.3471800015993323
0.0542868799782763
0.3995917948892302
0.9392967032917294
0.7596922240963635
0.1472103875815917
0.1649840838112794
0.8874966161733012
0.1556280246729162
0.6402106777020780
0.0208601388246101
0.5963532252220219
0.9086563065222727
0.7865437198367639
0.4402992964909874
0.1102761240258236
0.4108165020173493
0.5929494055886517
0.7006597284696343
0.9880563891437167
0.2637323384469991
0.5494122787143161
0.9721683515106181
0.2334838389574941
0.1628813586024946
0.5469940321273142
0.3286979637708040
0.4266770959024677
0.1619508327739084
0.9076464310789697
0.8135671442437764
0.6229933051499507
0.6484796552213280
0.9975653048593389
0.0800787709094951
0.8839026758837992
0.7522735790127300
0.4620424669524852
0.5477420704195938
0.9009775421121053
0.7295502781539924
0.5515249341500573
0.4795682600138561
0.1037460528797219
0.6599107494856746
0.1199666057340645
0.2787425724224851
0.8264147047076443
0.5519420213773577
0.4895532892502627
0.9221324291648960
0.2797369744068650
0.5393288561791781
0.5000858034473312
0.9420985392956522
0.8501499420265434
0.4700756401149908
0.5612834126508252
0.4903164224188385
0.7481115934197379
0.5115506055352980
0.6310272317524195
0.6746840629143100
0.4150454008090521
0.6680513977390022
0.9398417994099864
0.9211226836410923
0.3089439558372572
0.4210657567815230
0.8521742270571060
0.4922341487799930
0.9793385453425993
0.7429315730663629
0.4509485263614675
0.0918825571853121
0.2701386135398124
0.2196777636276920
0.1241732906197073
0.9804954454211963
0.1869511940455768
0.0887183240096636
0.0888716304157263
0.6654923971116041
0.9307182547313712
0.5817072701555245
0.7540895039001897
0.9822920504874978
0.3824925433762802
0.5521765251421260
0.4308580637121843
0.4314768106823214
0.8307571377748424
0.5352145817760446
0.3514759099816326
0.2556190612984910
0.1895632437381722
0.9894375074605632
0.4761878896859418
0.2898619516239790
0.7098209442150877
0.9606094229782975
0.9625719962467310
0.9475409188063540
0.3202223783918761
0.9775136322609678
0.0716174100859172
0.6738113140099734
0.7467545656239403
0.7039844415634798
0.8665093574051324
0.4227699080588156
0.4938447445136703
0.0486210412572236
0.1738404101570325
0.7357735092452604
0.1453698850913764
0.2316587307637831
0.4882879469023496
0.6555235877891646
0.3849399724905100
0.6861176480008837
0.5793099508524453
0.4623439770482219
0.6152222494665637
0.0403467845359569
0.1084076958281955
0.0081437844820990
0.8725857906381533
0.5493832554432485
0.4843742346783980
0.8777622398351144
0.5499649087665439
0.2602216393035937
0.5450917754997927
0.3574708250153208
0.0121560324971359
0.3064381793637007
0.3064805657167363
0.0188680011866931
0.1144959447507262
0.3333434254551974
0.5029516255031115
0.1079698307942459
0.6489461588901216
0.8380924662752508
0.8200806881394613
0.0961255599260915
0.5822856778196458
0.4753871147871889
0.8312382282834678
0.6209027602434637
0.5126914118941368
0.8045597047566249
0.2349578445940082
0.9364940914961016
0.6561957749799806
0.6823900885332329
0.9302179780463772
0.1735570254612514
0.9729269272521729
0.9828663272703375
0.0343624325629149
0.5294040849103612
0.6944550884396095
0.7066714045157058
0.0262956954661271
0.9517536991982505
0.1244224249964684
0.1676969156450112
0.4820612457031669
0.0033565331266059
0.4132522588657458
0.5307147565906470
0.7229140190048674
0.0159174148067447
0.5239906569588886
0.7109715080405453
0.2981356374445072
0.7656585298318689
0.4229108842196460
0.8632310795892175
0.3247546559780625
0.1515030232963632
0.3113125419762510
0.2298929948498928
0.8115644421482293
0.9635791852900661
0.8753671701417152
0.2960285718068614
0.3522063579187758
0.5322575408649899
0.6524893178848966
0.3879656914565552
0.5393763103240059
0.2976476155676169
0.5634748449378996
0.3217188712776261
0.1290695630614970
0.2721463745795872
0.9641175591219764
0.9238161630573758
0.5782525053146540
0.6898568233893517
0.4236307048348853
0.9612561599171051
0.8322797267848066
0.1253680722440444
0.0611902056546836
0.4237864382675786
0.5786679631931092
0.6724573865870281
0.9912963681813778
0.7180600244170334
0.4348303770808645
0.1941475980887877
0.0386810782545624
0.1128822244298096
0.2115459918098273
0.4534843477669565
0.7114329192374986
0.0530736246393405
0.0084093133958100
0.3353302433785658
0.8954004635547290
0.9955909643301698
0.8973374971641868
0.5513148384873359
0.9484904566539872
0.2791049835640494
0.9174587609793333
0.7293957796550337
0.9548686621500498
0.4776047558885090
0.1031322181705070
0.3431907917108344
0.0076362839935516
0.3430250796224107
0.2225132138573160
0.7795852999107844
0.4901356005529573
0.7090384935536601
0.8099611563654435
0.0171550340099051
0.3246566044747162
0.5035514065546689
0.1884899643196212
0.9508303198734439
0.6051861129725288
0.3630007292903032
0.9532571821255875
0.3934599847502355
0.8819636972071434
0.1638589604589431
0.9775484334572909
0.6565211166890902
0.1504081935390868
0.9105088114321739
0.9215937405459553
0.2259973558718326
0.3375601378910058
0.3732375341342937
0.0032361950740387
0.3907306093679418
0.0093516469976640
0.1731310897381655
0.8142252293481609
0.6834296545402285
0.4022038576203416
0.8402350250818930
0.8300665513752338
0.9285289635548969
0.7862904671515759
0.1838814165368124
0.4949677342059872
0.9227088000265457
0.9668020461531366
0.0419896957660046
0.7208167392391790
0.7669363928804809
0.8999551422428130
0.5460756749594936
0.8938690442097695
0.2570260335956822
0.8365466426296843
0.8394226771031612
0.1769340728302179
0.7309620574726546
0.2792999429066200
0.1941404315615727
0.9182332553520022
0.7463227011013416
0.4456374102484609
0.8279540458824272
0.4236491459531939
0.2711960353288781
0.9917657724543315
0.6073376399499074
0.5237146380933535
0.0719224349930521
0.8003649282270879
0.7333487126665882
0.3918137873484817
0.2143239659323934
0.1428954257363898
0.6434203515031470
0.9658477133912257
0.0025189663295257
0.3362671003380172
0.6411553810542242
0.8984893783454269
0.9109818515884606
0.8719796472564245
0.3619314387263411
0.9816906736147081
0.2751514423988534
0.4702923975280917
0.2043252546360368
0.0945546678707724
0.1803029040714274
0.3509087284798309
0.7229995605177244
0.4536136213939700
0.8841347684544207
0.6530534134493459
0.8687198431551083
0.5744039079055209
0.0064801680885629
0.9121850644760695
0.0943786493010720
0.2219588031163247
0.4616039760697652
0.1780258045429484
0.0796969533337732
0.4666946807255478
0.7374989542819089
0.1449246160429551
0.7480218339469386
0.0029631461961955
0.8015981194570652
0.4595937148945377
0.3915662324948079
0.0536695402365502
0.0239627556986933
0.7420350279389112
0.3827145692811881
0.2837659089284790
0.2536313609469828
0.7822834359399432
0.8377078426246102
0.3557109918239112
0.4346395844754947
0.9874962796398887
0.8499719076091293
0.4778511866358347
0.2448937884740968
0.9299028841452220
0.8777738287475769
0.7447397605258691
0.8411551582818642
0.2947452432917176
0.7833040038977302
0.9903935091525286
0.5437083265482021
0.1058442956329530
0.9250767030404307
0.7641480005179290
0.0354447048322506
0.7191541156355078
0.8232214859794925
0.8835148573310649
0.2342071632082607
0.3197920412383005
0.7448370921168649
0.4770072081484865
0.0601473516133369
0.8965385653528098
0.1236678846756313
0.4861377433343501
0.5170522204214019
0.0966686225015058
0.7095383828084629
0.2115998618358746
0.3588778755436083
0.6604542614242315
0.2547717570582273
0.9489208776265946
0.5131902701748490
0.1888708286866876
0.3520177371576511
0.3621084086420519
0.9560240469668172
0.8961573712975519
0.7169393979557508
0.6004614423031274
0.9554607886613630
0.4294750315274461
0.1868548817871394
0.4699981964519239
0.2596877674850113
0.5723081205842588
0.7825826596387582
0.8667605486078004
0.6445404513015135
0.7913650245365523
0.4719673858359304
0.3558537444825535
0.8338835182757506
0.0802916605399417
0.4619386948002217
0.8036435073258558
0.8364276256581897
0.8391044371943476
0.8282759253998641
0.8334781955152183
0.2680320242736638
0.8142319674669913
0.7966772177241170
0.7539982892358668
0.4492471872126904
0.4974754836864190
0.0704543176435187
0.1257166346189178
0.9194780401510549
0.6674208187812105
0.3417012558047200
0.9730063099288411
0.3170509740323997
0.6757205625417272
0.8354946388096990
0.1583944746099387
0.1359347692392463
0.6556666040120956
0.7886136312916007
0.2293011179330298
0.8638891004323443
0.3841109664105395
0.7530124619384354
0.8804477992842197
0.6861625698796299
0.3343119669399746
0.7812283601524440
0.1050490821269569
0.5599233077652396
0.6310336103807360
0.7818896690299221
0.2196673859002382
0.9497548253041481
0.5293488868183218
0.7667407555350758
0.6118782780188501
0.8382186628124764
0.9410658892900989
0.4944012986935681
0.4026271427993789
0.9543890291612545
0.4164131132030920
0.6551936043683410
0.8389086187067016
0.5371546035339845
0.9574215956765327
0.3847585354860679
0.6367059143431046
0.1163023645599849
0.6938411596668145
0.3883705201504615
0.3433321688060333
0.3837611230014643
0.8731942856093842
0.7763582369202553
0.2528879187316112
0.2872501221891726
0.8128036334238964
0.7906669554257146
0.7395198399850725
0.1099506291141504
0.9402235215251443
0.3367262731011614
0.3584720112189986
0.8390925577092415
0.6286174192226573
0.1729648752012126
0.0206575067810051
0.1907164683522267
0.3716835958751308
0.8861958733229879
0.2940429394571311
0.9796834560016559
0.5398450198303186
0.1752482881654279
0.3979791963463552
0.8363529931923156
0.5847565832476861
0.0038946438598887
0.4572793531498310
0.4940883892095128
0.1435574442816700
0.7699660420277930
0.8192683611154875
0.4433452679977498
0.3039192381798845
0.9706360893187281
0.4807531798634460
0.0186939649370937
0.1894686977329984
0.4004027985038249
0.5698344537847836
0.2076647608576644
0.2216357347656208
0.0317942057884271
0.3652166860947463
0.1968431944012843
0.3435683023853080
0.3524581898713756
0.7647971682086574
0.9460060829045279
0.5242353764009827
0.8239711713157460
0.4834763037429546
0.7862370078387843
0.2853907464469740
0.5622755342918800
0.1649048436269652
0.5557068384046232
0.7648330665029739
0.5493487154829078
0.9038611212297627
0.1938645086222629
0.2807964143719507
0.3453363493761683
0.0680239652600251
0.2787841252418161
0.5247929392032292
0.1949291886738172
0.1748740408452573
0.1080044862385860
0.2314002119150945
0.1433616569933303
0.4793690869022948
0.7562435668689401
0.1856283662773801
0.8559520239271000
0.9856661427699337
0.0908615342764470
0.1098065842454352
0.5192614130299824
0.2265687949147862
0.9417361328107008
0.7591841494474486
0.6079997632689773
0.6520212617013702
0.5213454149297184
0.2523887237777881
0.8972805332845452
0.5939229133510603
0.0624046912707410
0.8356461873444012
0.7054706973514849
0.8460103864064489
0.8965643331858163
0.5567478540152069
0.2611824335815303
0.6931612047800614
0.9603687384912598
0.9173878226044531
0.5371345130433954
0.6197607203478742
0.3184268867217129
0.8006851318295510
0.1150106592639399
0.9841502490379616
0.6132355810204686
0.6504102110166150
0.4444165562486353
0.3090608708136998
0.3860557658532894
0.4392566962350424
0.5872936223574419
0.6439109615254732
0.2115303586290825
0.1907374789895199
0.7248093768604144
0.8711968929838375
0.2061803793563416
0.2736358420334923
0.9975970569055513
0.6137354116019492
0.0510627939603584
0.2123780917433920
0.4385879311890285
0.3473594940022377
0.0710156956086940
0.5607960953194630
0.2999740342143802
0.6635930410882426
0.0082415700928502
0.5160685505327156
0.5641288033519540
0.3127979362908741
0.1949152407212719
0.9404508024176820
0.1566362339801324
0.5851845040848407
0.1959601539168321
0.5023068801976307
0.2717354815787335
0.0582388937744493
0.8210876671695558
0.0204221187254517
0.2345494186666559
0.0720795304850114
0.4406688615869120
0.3215566912300683
0.4033095037580046
0.4228296607839082
0.4981087951446458
0.7145199960630946
0.9375738324306784
0.8034016624108896
0.7717401398214233
0.6365299786611134
0.1593513573330601
0.2182626967403398
0.3411441148915999
0.6091389831198095
0.7988892946387126
0.9323749928420293
0.4265046959866326
0.2644254473338022
0.1984933392137724
0.0775521658722089
0.4192518142141643
0.3652414974594682
0.6138478012819997
0.9399961465690267
0.5152353856317864
0.5611263134335756
0.8499498781049390
0.1076013097109279
0.4552123115655092
0.7533204815133104
0.0573327942087002
0.5922722656243817
0.3199683489836605
0.7080413683820709
0.0512783974647887
0.8360261907037470
0.0921871578750141
0.3895624053615901
0.3753469122458933
0.4555541167294393
0.4980398716861568
0.5561234292369911
0.7664751861088328
0.1484529311528676
0.0484138862455328
0.6921861286704364
0.5722645640244077
0.0505275582198648
0.2166710012670006
0.5895182944785423
0.0339753008605797
0.0228815637635447
0.5704421738956320
0.4216166638869870
0.1112699485902069
0.1140259556071954
0.4342358901324849
0.2026054566738221
0.1899103169282481
0.8226966130652915
0.0619757883539311
0.6270748645193293
0.2472479763660803
0.4967387847121520
0.6887546571384904
0.8995225266085577
0.2751047100290213
0.6848614577599156
0.4665205709014649
0.8112351409211919
0.4290134624713163
0.4292637554133608
0.6359372323546266
0.1970641842098274
0.0577440145694390
0.5036528685612850
0.8937619095173487
0.4564132580796318
0.9376285443723335
0.7229452658085829
0.5410824448527221
0.9726506397000749
0.3393014391601558
0.6392879647385739
0.5128233612109084
0.0222318717382065
0.6510683040372414
0.5049859539163234
0.2989274716465396
0.0740159633914083
0.9862967193994190
0.6889629460354163
0.4002340172418551
0.7331277838596738
0.6786633295373354
0.2945795339972617
0.9982278919770512
0.2161804582998997
0.3449626464140427
0.7871982808165244
0.4415056833259322
0.3860196589427161
0.8324078502284400
0.2787387893901853
0.7628332808440706
0.9389511462948058
0.9519157768003250
0.8484606830628871
0.0787002379441169
0.7148991267731875
0.3096236769620440
0.8451387010724930
0.2461489253892326
0.0249890168313817
0.9904058850325671
0.7517097423559566
0.9856397765621728
0.6477246804385095
0.3087041300296337
0.3903134080536260
0.9974491572926981
0.1279866183772621
0.0710950666438300
0.8947850828500395
0.6528874606140365
0.0795505401117497
0.0059276581769472
0.6261509799520257
0.7195200536956639
0.9735424630220711
0.3281760119498596
0.6542328412897106
0.6913635561668144
0.7472884956501836
0.6777463926364418
0.8836210406774753
0.0188306663273045
0.4870089630070184
0.1596412589585601
0.0906393165190887
0.3749927363241989
0.5029194008106922
0.5663694253034748
0.9709310754998266
0.4385859255858631
0.3136513216018916
0.5377621629916887
0.1686734013113535
0.8938558399183004
0.0351015068754095
0.9510260550077194
0.8949065147409712
0.6937932515022314
0.5831779980022358
0.4726124235766997
0.1970030535929851
0.0303217372998231
0.6174387981265033
0.2938801121403836
0.2430447434275619
0.8530027870335629
0.4178416730919116
0.6649996557575649
0.6492143173931233
0.3450324262236396
0.9599875407107117
0.5105967249304972
0.5991559068668428
0.0133267110275695
0.9820322403600590
0.0158637315108738
0.6217355032552665
0.5086032112634755
0.0941717052339444
0.7438498669042484
0.8847130597032202
0.3723944320214886
0.8332189851595178
0.9114835760143974
0.3044620739782518
0.0940773524782049
0.1580631011901717
0.5665417032160525
0.8664059521939633
0.6848385239415050
0.0810718848747536
0.5751690899837618
0.8668953570848775
0.9102665255359684
0.8494946830205129
0.4571375257601671
0.1103954511277356
0.4163471038529403
0.5457744563677229
0.8312881723191999
0.4603121687938981
0.4666209190462813
0.4977864108503733
0.2962071622238528
0.3537754962936861
0.9047662079822115
0.4056575570281863
0.8865609727271651
0.4302686254634842
0.5247881647780482
0.1146854246569264
0.5179322089617756
0.8866360205629077
0.6915976007895533
0.6808764700223117
0.4908316649919523
0.4077935197426907
0.7856863154031738
0.0299029811424683
0.5794040614643153
0.0440610307473974
0.5337437715072855
0.6315677229462041
0.7587195568525789
0.7995920212937482
0.7431018840256621
0.3133648193037905
0.7225180388067467
0.3606782249923228
0.9189274459699762
0.4135844173904436
0.1133030811852324
0.2848854802012842
0.0702657429828615
0.9563423129526629
0.2452537954064337
0.9805393959304967
0.9256274038579443
0.0197766404691044
0.3859963642368076
0.4408937280256738
0.1008869274989175
0.6065904743068807
0.9661016757442158
0.2708642330350653
0.4151646203432067
0.6717741082756660
0.5074377891176556
0.5069217004379825
0.8330192611706533
0.5547224951697153
0.2209763174042927
0.9489666139469326
0.2818806060971136
0.5673466741886672
0.3955530889311587
0.0607656659841378
0.2885481954033245
0.6295201436753944
0.3450547523540700
0.3352228148538726
0.0898492490359811
0.0963285477349202
0.9939017808036421
0.5072299668133399
0.0140522318026294
0.1758599067925755
0.6774534628155890
0.9603495416046817
0.5947457498846322
0.8918183110150594
0.7903532301030836
0.4667383425248500
0.4713228151534324
0.5225542837393258
0.5698468068474191
0.4152826845717070
0.6560795966796947
0.7297813956298779
0.4359163513574359
0.4461172644263680
0.8928632139660713
0.3520371277593249
0.6880062509737938
0.3210601165523101
0.0573788946761651
0.3670828223075172
0.5609945224416417
0.6349386766715621
0.4143388189442171
0.7925299954565848
0.0516336388195090
0.8065676394880599
0.9823168758220584
0.7997319413347784
0.0947380136208320
0.2617949253235920
0.9873099136107182
0.7177180553403302
0.6873561049287003
0.3940555366659795
0.8914047451184153
0.8395512052064534
0.3371059048627996
0.7389430290735062
0.4154896384177216
0.1343528866462190
0.0689658630029139
0.1092594899745935
0.3242480029930584
0.6361863043327752
0.3832169209528793
0.7267904550427526
0.1671779035437749
0.7590248602251638
0.9308258043279991
0.3892933406817230
0.8531768377186623
0.3431115375566816
0.6756117151470910
0.0060964771574812
0.4634915857871489
0.9030823246124584
0.1046297615881217
0.5124030115606277
0.9574152994702642
0.2789381967293742
0.1142724305923434
0.5767409655157202
0.2854074227090028
0.8425534702104299
0.7961738266964321
0.2935052869345552
0.9433575090688455
0.0096549200870352
0.2702419028013208
0.9556603817994056
0.7840369026102297
0.3082221701313845
0.2900133981788593
0.2551831920888197
0.8639094367920931
0.7259041647081749
0.2712962502945663
0.6760787007753173
0.8547239307568986
0.3451042311941759
0.1668136805141408
0.6375284011650497
0.9398383809904747
0.8636693069076489
0.6900411968538730
0.5223955230426023
0.9015557770158890
0.4479443060457447
0.5999517108313515
0.3884039425237122
0.9050619960320471
0.3769673106153343
0.6895895119242321
0.9309269105693916
0.0885859397652494
0.8638896345458411
0.3930878119511008
0.6268554621501152
0.5597523569873313
0.7578638860759623
0.4183332786980706
0.9274150784720737
0.0652238801425434
0.2177535557270765
0.7840111049749009
0.8746413131592057
0.0965502667690396
0.7203335872480336
0.6466008777015847
0.4209515305333545
0.9323736740892631
0.4043404182439392
0.7494094258870042
0.3242208828796730
0.1803785586638276
0.6224354629509317
0.2728258163076014
0.3834946818572910
0.3951179754897570
0.7478140563461063
0.5108450090097473
0.7720664268229466
0.1204356132636013
0.1613521213463285
0.8451034677424950
0.6539823481133126
0.4813247404439956
0.6249126422334987
0.9067780184125426
0.2181554596024358
0.5388095381384760
0.7719074933658855
0.4492410004368243
0.3934943417056903
0.4594010475368244
0.1534059514074614
0.2938253052038258
0.3219045607009458
0.2499517007963507
0.9382352842661716
0.9204226615468145
0.5436726173123683
0.5056791689739000
0.9497929443371449
0.1700154743949023
0.4500781551236651
0.4635531634388274
0.9380179163711229
0.2671204494624960
0.4933941161694909
0.4749104606336497
0.8201118697505965
0.6201948982757493
0.6156553205175583
0.3189719386021476
0.9613720862946343
0.7806543539188124
0.4577263134800486
0.0061506591765912
0.3741287809676159
0.9824217227205735
0.5618937646792707
0.7485029645024347
0.0893243924199251
0.2750634016818662
0.9905920671255291
0.8808721787672826
0.8187085417186416
0.0344606652085021
0.1804001592939720
0.9854772537879074
0.9162044133600800
0.6475753428636004
0.7987875085318403
0.2216558946397416
0.3706212101367401
0.0306787681908714
0.6180569839747888
0.6837296642752968
0.4444674749134422
0.1648508702241121
0.6485758566523789
0.6144227565333353
0.6032690557666445
0.1430202699932364
0.7416777763244127
0.3783866844039349
0.5450047769327671
0.8952859090153528
0.0702728210344318
0.0753031256959323
0.6196335715333157
0.1814367604355499
0.4076326402871090
0.0817853054412572
0.5656285512101038
0.5190601882147883
0.8445833259469752
0.9119591908119429
0.2981199763240852
0.5024420788988667
0.5440200532525871
0.3450350162317208
0.0035178065316369
0.1237743772211365
0.2759579556416524
0.0253604692525046
0.2334067268452638
0.8668580883493917
0.2838908882270990
0.3541584328534819
0.3407809684708626
0.5057370897874874
0.9232680583015401
0.3662558739847764
0.6624740621365952
0.2015623297549609
0.6580761916274560
0.2865526826523955
0.0909373388117819
0.3838534096180710
0.4242554509193895
0.4613636021788062
0.1380618191967075
0.4049952390626982
0.7549829267687085
0.9980502016833286
0.2297396917034591
0.2349984600371674
0.6191178446724628
0.5136154100827944
0.3341972615263412
0.8533744732166522
0.6647713522728399
0.8121176496204536
0.2613371709647296
0.2938324042101542
0.4412175600608892
0.5435319433657135
0.1413721475477201
0.0416838345311972
0.5802069658321360
0.5384747407112619
0.1449671341781351
0.4626241319173128
0.3237851342762751
0.8567517813559397
0.4271892492786000
0.7697126254298318
0.5600955991819946
0.5267354517833961
0.8427381235373850
0.8996422928290638
0.2880155780762507
0.6778207275447532
0.1329678446673638
0.7905653243840510
0.0314069227461735
0.8561505949386166
0.3230491333282782
0.4867838483707904
0.3761395678744370
0.7777172656626056
0.0940839914111812
0.2696436477218027
0.9007872603371680
0.5314844867826833
0.6597693565579920
0.7435756701713314
0.2762885695678595
0.5819887270135753
0.4845349171592551
0.5783526956002939
0.3737549541395879
0.6995142240540656
0.7355636766811664
0.6187139803630831
0.7258679623370375
0.6628429985897816
0.4022772984589810
0.0745552000936843
0.0492479745527953
0.7107083088302558
0.8745465101090011
0.5031954019810982
0.2051210963191097
0.4702658352769287
0.7578934993398811
0.9160434053819829
0.9415142549860823
0.0300835510855930
0.6142430955610438
0.5837070944643147
0.3651366617368239
0.8518738107997337
0.4431381111234138
0.8222336512162507
0.2809759915252104
0.3634895642118014
0.1691057077465140
0.1596300956605143
0.9030177662628786
0.0195975801998738
0.3765304192791369
0.3467568244537138
0.9419485935671016
0.3300120822759401
0.5130668117259940
0.1139046787814725
0.3959362802076788
0.5010614504576947
0.3397978424745602
0.9823384699329447
0.1626641630021223
0.8965875766689831
0.9474010755994362
0.9698775997245114
0.7328185698635963
0.4817036974624282
0.9940432510310986
0.8849200796731376
0.8517790664228513
0.8507693688621601
0.8807824663262732
0.3109115456747411
0.4903481553729382
0.2814473529725556
0.2856614097420412
0.1113135344867192
0.8465741182894325
0.3712060904927580
0.8607629117838865
0.8422583517815259
0.8361183921043381
0.6418160976105445
0.0031525404207187
0.9847468510199091
0.6403250916117453
0.9438147186040016
0.6939755774540713
0.6475302705762583
0.0412575751735166
0.4160659412928233
0.8202753084806145
0.3671096336874690
0.0116133852915901
0.1861665957542912
0.9019748423723387
0.4911757518961913
0.1908621192867226
0.8196388519460517
0.6701846572897325
0.7935350685350294
0.9438968682400402
0.0746645103556404
0.8864255472488820
0.1541726119602903
0.1790892165988168
0.9524633763136637
0.0519657037462879
0.3875828638615007
0.1051929202420604
0.9774105083092165
0.3384131530012996
0.7098624928434670
0.6589172201505477
0.4217190702546942
0.8324137706460495
0.3782432481545225
0.1342717330596744
0.7050175339472562
0.2296930515345619
0.4511171413823576
0.9257952132848070
0.8401496777497929
0.3956339407691890
0.4196425077596877
0.9316279170716312
0.8704022229045640
0.8501603570069002
0.6451202149713040
0.5354530227069990
0.3589526365319978
0.9169621932864944
0.3835825661120855
0.8721886458211525
0.8745703161110032
0.9033028776307138
0.8114643394069114
0.2811524119606020
0.3285878218377883
0.5755216277090468
0.7919969059489653
0.0919982842598102
0.2151635546307841
0.2538626795885445
0.6700558446673937
0.6285813248849387
0.5663273411646147
0.2636229536792370
0.7109824869367213
0.4826579454739848
0.0320895812623620
0.3295922765180432
0.4573914387530607
0.3779111226917762
0.5522390806825083
0.4822290309156426
0.8233225992058043
0.5829248519534826
0.2179867821829332
0.7038481485582181
0.5758328179716286
0.0221716491608748
0.6389074468235054
0.1174587626557139
0.1294239545843676
0.2284046994654484
0.7977839157906286
0.3542726930949244
0.2611528463946436
0.1958893547746769
0.3123856979945608
0.2664261945832643
0.8250523609225882
0.6550300259399368
0.0896459725171542
0.6798600958100800
0.4086302800144210
0.8491162023735773
0.0960132927149596
0.6954106603262065
0.7669681025515162
0.4328995833326595
0.7432970720079248
0.5938892371924078
0.4964094927983403
0.1543454617049291
0.0841748747435281
0.7271198144774511
0.7027219225199529
0.6473517928492984
0.0415824181593873
0.8757020048218322
0.9235950405353657
0.8618462778915866
0.0503925238970632
0.9471491379417242
0.7355613865589543
0.5802238963452279
0.8230258742454583
0.5958684434163702
0.7609284989353867
0.9252816070454575
0.2079696130044617
0.3452857659874883
0.2178689517163993
0.7234714975224209
0.3854588593288599
0.4070487401481013
0.2681756691393329
0.2284712247683067
0.9158746809306902
0.1057624021106224
0.5486922732315456
0.8710362025867385
0.5054568753137518
0.2137033982266222
0.7130139948395146
0.6262112677219376
0.7327766026057194
0.7763599943259545
0.2824246363166835
0.7108625744985708
0.4672895974792957
0.7362648345233244
0.4030738335117110
0.4619198313271253
0.4866051149957837
0.3721677341368830
0.0231076385933476
0.3700818383926907
0.9654578659522617
0.4503530596617391
0.0838737348485150
0.6658615989917245
0.1358942539132639
0.9747255202265109
0.2118184469695289
0.0326382168720654
0.5505109688036660
0.4378526832153335
0.9900468001095796
0.7165694417043447
0.3826067249209651
0.4712257466610641
0.8911241325042789
0.1232949994147266
0.2190551633104008
0.6601297579054394
0.8008411167193396
0.7366487019400340
0.8547335061499539
0.5060378622757448
0.9783512684415799
0.1497686976333003
0.1625011228781664
0.1563722133433317
0.1477896613757078
0.9008387415208103
0.3967287402584817
0.8199375243019021
0.6899709420697628
0.3416233665038009
0.6639208293817569
0.5173794191877262
0.5958982881139491
0.2625283311412336
0.3136614907130885
0.7086744148790252
0.6908908717757514
0.8028819350539157
0.0366824511609424
0.5219566619591586
0.5256175475780003
0.0541221434502500
0.6308649683514912
0.9475230835133805
0.0204646093866157
0.9486899608507240
0.6321720181182828
0.9151085139788261
0.2287944421306227
0.3481888893750444
0.0106637263720221
0.2252491345746671
0.7622047964307502
0.3760136116184358
0.6607704710498314
0.5693069345174855
0.3416484353792148
0.0852534184629346
0.8542041065423769
0.6084186577277345
0.6923804300336076
0.8378875748430786
0.3764703876229331
0.3378047786363423
0.4849145410046515
0.9586906651773912
0.7140096364142418
0.3599592141620625
0.8345124217842298
0.6502729275497947
0.1370933294003333
0.1275872314011619
0.3585981593274503
0.9592638164568990
0.3469631911008447
0.4103528318974901
0.8000457011163448
0.3680986624062521
0.6342190618786119
0.3197729938289956
0.4247072839293197
0.0553210000765142
0.7800482859742122
0.2715423685831680
0.8125887773058325
0.1795801791267377
0.2040705830809058
0.8142898407831275
0.7693540420240509
0.5333842982227841
0.5899002303322313
0.4531711938107252
0.4482543768585913
0.8113118623436019
0.7184704089157611
0.3321626471970988
0.6576114416390710
0.4754996278674806
0.7222455687458839
0.7812739120709122
0.8706401758224891
0.8494350485733874
0.4548613729210856
0.8550946846860902
0.5763655191177341
0.9752798117582127
0.5277962202801352
0.6710742482315163
0.7448900270950468
0.3666853864522117
0.8812901023222554
0.8427497301449766
0.0947145466202472
0.8673850464948384
0.1404764387479408
0.9875060366408462
0.0139578227018741
0.5891261503981082
0.4432097410053060
0.0261170761781359
0.9496993259292559
0.5965708930029399
0.5669987004096614
0.5471577851787013
0.0808954984326360
0.6106421573137130
0.0627379715734804
0.4370882354849429
0.1419737954353792
0.1535798824176099
0.2170837927689235
0.5273050672967476
0.4162660564371692
0.1836105395032142
0.9423374305210717
0.8651947676507732
0.3284599065447505
0.4256492976218691
0.8877451307548886
0.3324125974124356
0.8585247108053997
0.2248145063523271
0.4574082635610403
0.6606856704040830
0.1440624814220064
0.2581252596611741
0.3112391253519985
0.9959797910395916
0.4323480024153125
0.4728765941564350
0.6369179872036530
0.6806109317953749
0.0279306848663514
0.4310205487678854
0.1623631418507375
0.8373250853444101
0.9227093835001390
0.9766084868351969
0.8588382391533061
0.4942854496158126
0.4555516929624377
0.4573036196908465
0.9019361440567002
0.8407731609608853
0.8745162695993279
0.9949431559047397
0.0096212909601728
0.7050371676241221
0.5596762586197239
0.4788786217006289
0.5129949224707647
0.9056619661420873
0.4606649500600365
0.3958156590330487
0.4737813684501598
0.8434595418365018
0.0245196460860407
0.1016917680863718
0.1335462276514369
0.5114481377003007
0.9088503289543327
0.0474787354690389
0.9751070281374766
0.6238219065702623
0.5747837263973354
0.3900895600161001
0.2352351905942127
0.5978483169329578
0.0366626922211902
0.1898681615432110
0.1141910567480098
0.2090907638003541
0.1884671925513387
0.5681052103490127
0.1442703358569510
0.7515347477754274
0.0445058616085471
0.0100160548510105
0.3398338809329243
0.5880368396584116
0.1351641389239412
0.7036828946805014
0.7984108951866677
0.8919154023248308
0.4221668734318422
0.3586417689726882
0.6922111239713669
0.9923605867625962
0.6043817189542492
0.8435504640655361
0.5526495494659289
0.3809778738678330
0.0951260966691776
0.7843067188674150
0.8430240046433285
0.7044460404219320
0.6246013714115142
0.6752493133187524
0.9152089482709808
0.9167935903727978
0.5498733956133357
0.7221600733334944
0.3443525160403701
0.5327370905004148
0.7122800404728763
0.2906402276319639
0.7903058104171911
0.6697556817297617
0.5837428321054871
0.9657791969207019
0.8509626462361601
0.1291952911434673
0.3852582482552427
0.0353784258642133
0.6052034998336823
0.6552217046987366
0.3111908716667401
0.1849801029008721
0.9605894549566272
0.6269694560333012
0.4756475516947208
0.2084013331720612
0.6012066228320853
0.4797099388575694
0.4849423791677423
0.4265666722443731
0.3060604111785351
0.9573306776384500
0.8566990694295145
0.5412599018501397
0.9551703952975433
0.5488337658107438
0.2491019811709886
0.6569975408059533
0.1576683256578019
0.9315493306757646
0.5496006675761196
0.1384199518423620
0.4241306145787847
0.3632392256349508
0.9616652466178244
0.7077999057750217
0.9930163607900107
0.6259757977099977
0.7752321119304896
0.3261052157385765
0.8503609182547596
0.0159531077444335
0.1238818606938617
0.0824326817330125
0.4460818867413708
0.2982704622197293
0.0316585269904037
0.0848631277144249
0.2945874963396171
0.1320509799439697
0.3808199182994756
0.4403668592871944
0.2458040398758855
0.2284981940074350
0.3691466829595839
0.2483005017267077
0.1865325207759312
0.0520766810756534
0.2527788385063311
0.4539387759072421
0.3490066730179855
0.7551534132823131
0.8634170358364550
0.4501213032985671
0.1887445390172044
0.2294672621551283
0.6562750412413269
0.0146181429804387
0.6871290722336290
0.5783170306022823
0.7743333325601803
0.2203203389515729
0.9239367590862964
0.6051099633821798
0.0831545642964330
0.5787621301499950
0.2551214309665940
0.8258902555452149
0.7375249484263011
0.5818082008426115
0.4504315617729125
0.4032587173410033
0.5692623502431727
0.5923205370047691
0.1312654391542382
0.1782358652810733
0.6101877789991851
0.4260016393037521
0.8095517781607582
0.1367355478632895
0.1143529383066823
0.9298341204085546
0.7220617065774564
0.6911024473100447
0.3588319399202391
0.8884142394589326
0.5781225862810959
0.5063076263788657
0.5122765495964683
0.8319690678417538
0.9041232163571395
0.5988973144436708
0.6671638547755609
0.0229072128529228
0.0015264190740541
0.6545253776267754
0.6080217732153934
0.0219424311173812
0.7864397898253239
0.6935475942183041
0.4544160270385519
0.3701664369414404
0.3873056747891501
0.4464761812456307
0.9251781953150305
0.4699286597175191
0.0909838723442442
0.1659424897124723
0.9954245975219759
0.1012105518491988
0.0457449294839729
0.8350298371329111
0.3464726928372275
0.1665485152818954
0.1808963428162487
0.3248337126918294
0.4802092115768274
0.8762189717386938
0.6122580122259715
0.2204114819040575
0.4557763614951523
0.2333076490244398
0.2016571537599234
0.2517832430320714
0.7209656400238004
0.2695118800129331
0.6861673773667624
0.4151114031742846
0.7773531502007288
0.9743954236499944
0.6638852854556802
0.9199926536157693
0.3165293202346793
0.9082851842550026
0.5490917738290000
0.5854427440024180
0.5361984486394554
0.8873262833279214
0.2928438923754003
0.8272991533518299
0.4168703842055380
0.3405473424776212
0.5791850213795831
0.3626543266524814
0.1312680482544322
0.2220870122416350
0.6164147451596403
0.0826218980749240
0.6262409452471142
0.2315667682474324
0.9426739345969045
0.5208187701743183
0.4010703197685398
0.7888643498480620
0.4431278963774107
0.6505544151414905
0.8680552830305208
0.4051418939629299
0.2198118349629510
0.3775102223164915
0.8143064732729953
0.0488962992322148
0.8001011958346242
0.3007983925290398
0.5185832355723639
0.8284402647188120
0.5955291290746672
0.0580723579312080
0.0221197498133964
0.7666351137527428
0.8363568423485183
0.6494493515460982
0.2952514352720471
0.2908726172944869
0.6960788684413204
0.9975418932724474
0.6866002300226131
0.6900659900578047
0.9390949015222001
0.3680098836161242
0.1421139361998597
0.5089257110417474
0.5144254786495238
0.9490196625464687
0.1734684185001386
0.4837097318301488
0.7094628693114328
0.9424445172503798
0.6650014271331026
0.6789858260559783
0.7147785228280250
0.2826331706171079
0.2156985617315856
0.2457270227585579
0.9340715030832549
0.9397523202652821
0.4172466985961640
0.6652633057279808
0.0803793701717534
0.9360744766593326
0.6037292134034118
0.8768896711416960
0.8847028784848298
0.2012786945334071
0.8910190229727976
0.3567191038079183
0.3779776996830375
0.6711985728103661
0.8344132238227936
0.9830527896913945
0.1682363432684151
0.5482213122529077
0.9555950346196047
0.6857468516965149
0.3473364633262793
0.6839391247760221
0.9648701106034546
0.5719489122610302
0.7453683711333985
0.4062136390275385
0.2326311358402628
0.8315000672971364
0.0216310629721876
0.5532753735563137
0.8992033609651044
0.9108877405109292
0.2902547671879896
0.3118721285424531
0.6348644130094276
0.1661894494510207
0.1460769233042732
0.1148499749204377
0.2835284877957443
0.2632943830747597
0.1886963374860102
0.4193441273734645
0.9167487658172607
0.7965070907010264
0.8946734121510169
0.7760380221419213
0.8710381392720333
0.5380067450637029
0.2793642856550236
0.2755490039827065
0.1521099373475229
0.5117169998175078
0.4276159328537136
0.9409834723644813
0.1092200298370887
0.6610414719493322
0.1240190524254083
0.3882141138372077
0.7146112619501591
0.4714795963240227
0.1575754178490375
0.3700477887736856
0.3931859193338016
0.2757462432029407
0.4671095118239101
0.7095652244563984
0.6627274386876856
0.4600620239321431
0.2624362275295128
0.7656760885220375
0.7180197898848074
0.7586085939587134
0.9346386640959600
0.4720274607986339
0.3655336426410515
0.5239318681526612
0.7229080417765807
0.9154581389927576
0.1049420512770033
0.7610558125940411
0.0650422680494572
0.1653991072277534
0.8627951768519334
0.9985373504453047
0.4172489342360054
0.7028377045424831
0.5933002455128824
0.5972263350138564
0.5830125778834394
0.6923964869661240
0.1077564396465926
0.0624811402812978
0.1205247077720820
0.6587635253829711
0.8385711115964554
0.8646726016256365
0.5524155220726578
0.4476794751583038
0.1489389856108180
0.2175311610184289
0.0462232367350828
0.8739398065367433
0.3063284630451018
0.4624783990264304
0.8744524372156953
0.9221122841919364
0.9411604138748536
0.0830759946643729
0.2582423241148900
0.2787413989560406
0.8066922541738918
0.0767159005984272
0.3641413577665302
0.1237999820726924
0.7062986957404290
0.7621793093915001
0.9476529429422939
0.2030120311318953
0.0232072337638620
0.0439778692293809
0.1360481382049844
0.5610588111733360
0.7154393902586025
0.3898320763324536
0.9077069195488966
0.8301968583046444
0.1185975261584844
0.2686221456474728
0.7324018970748418
0.4786841368669105
0.2442883221638800
0.7538306083315195
0.6310342278476032
0.7922674346679204
0.6387744637386754
0.8824120559182074
0.6994238173120766
0.2160975640714623
0.9517593490666520
0.2193797632210794
0.1156804566810282
0.2414354380413123
0.8054071603368069
0.4781437807148992
0.1625224753108446
0.5152425493650337
0.6815271781205792
0.4272826725744096
0.3398779581020949
0.3288418219093428
0.8445008303245999
0.5254552655506205
0.3266481092789434
0.9747726512024052
0.0039487588237732
0.3667895511569407
0.6319862947016891
0.7936550512880344
0.9604469979929026
0.2326952667127807
0.9093476417052315
0.4058141398270680
0.5182480735323616
0.1953718584009315
0.6148241444559880
0.3493958717907760
0.2964171875717199
0.8836715178953817
0.8672012676797813
0.0517058940845103
0.0209618783653536
0.3062896864983671
0.8107609780555409
0.4597581794763720
0.1557224593850423
0.2273748844058136
0.4896822085090364
0.0888784113753952
0.7794599862673599
0.3839891955181906
0.7064090742293787
0.6173105731687092
0.1388032464956880
0.8661638530279342
0.6158778404890922
0.0588651001727512
0.3457386034288158
0.8287078281066883
0.0924669891095101
0.0926859635360008
0.7729891495653377
0.6286367446317509
0.4977670258366349
0.9704032363232240
0.5671928844261881
0.8108085509439971
0.2593157157578113
0.3192347415346814
0.3783009733903692
0.1044597719351108
0.6553869134073085
0.0878536366335366
0.5560708998497905
0.8836137754300674
0.8967236531417462
0.2344383533273071
0.2054043720501496
0.2312810468633105
0.1405546316600193
0.3016943099450759
0.5762672468909376
0.3236184959875506
0.0560620627627066
0.2350888528093178
0.1383491662043841
0.2344363970842382
0.1725257947913026
0.6410330574219270
0.8425960903254319
0.5124900995346205
0.4211028783680419
0.4760767316799968
0.4216293457064914
0.3244132890014040
0.4141482465966363
0.5895805496673940
0.0802982598917085
0.5728539999448015
0.9571770722778408
0.2750537736690853
0.8287740563176451
0.2055645306620582
0.9230668372116363
0.9843330159710408
0.6849994252831673
0.7853407341918632
0.2217195626449397
0.4406893735009662
0.6663004307385071
0.5113394220878088
0.0816670298025324
0.5777698911622958
0.5785607647050921
0.8707723984824365
0.0717012943102519
0.0836534724029030
0.9639106755908162
0.4467246548490248
0.1012740475597205
0.1129173362222115
0.8016698867090372
0.6657859187879535
0.8639370691328948
0.1903209165624906
0.7236446657793805
0.2958977540470183
0.1535522682375984
0.7529722693157254
0.2049303893954169
0.2650545687717640
0.7721373470370366
0.3123916514741218
0.3664863255650207
0.5356737713029952
0.0690742894397463
0.9315826138162905
0.1089904103935651
0.8018274846495257
0.3145345045786977
0.3814184541727502
0.4999592814128656
0.8156427060326760
0.5069602911858635
0.4816139608070319
0.4858392837857079
0.5008425863929291
0.6613495059597071
0.3011466647969310
0.3719952420201130
0.1240326320398751
0.6164466941805774
0.6195890929641151
0.4338854478829938
0.3127225694771495
0.9282252024524963
0.6809776191045426
0.1908442900473458
0.5199828257411638
0.3513522317406499
0.1769588651028270
0.1476457832137336
0.4826784732205228
0.3770994173256212
0.9099069917154997
0.8068097624028147
0.0516767041067019
0.5303659213382592
0.8600399321224727
0.6911391823976949
0.9762385580578067
0.6414452775574500
0.7707799080623220
0.4979148034462308
0.4541015208019417
0.0842601182331611
0.1598071447386440
0.8786816223890901
0.0020274934368336
0.0760821928624447
0.7134154391071831
0.3732850744264596
0.8022458855073181
0.3465977214959439
0.2679051823298937
0.6823994185227898
0.0870271125282287
0.6646802619400808
0.2811624269379128
0.4969095455002550
0.5587312227854185
0.5956613545285824
0.2803855618836291
0.4401385781542112
0.4090830378276682
0.4586167696205046
0.9720470118206214
0.1941276691826655
0.7037359530589246
0.6901630613441407
0.5705720109728034
0.6037884199078141
0.8719733906313653
0.2567763413566986
0.6399691820330774
0.9620424299324128
0.0471198740634694
0.9437233847303891
0.1589271636488508
0.0888394462358390
0.1245728857464031
0.6964907397965392
0.9198637604340276
0.1502216147027079
0.7746783084118172
0.0183294774118483
0.0635268609335305
0.6959517098478748
0.8603874132318363
0.5312541874736800
0.7891288701394241
0.8889204333019073
0.0857225051548902
0.7381441382403225
0.9885314051008464
0.2473255299252111
0.8001814530231903
0.6496809607603032
0.1879074984173791
0.1613259008905505
0.4044162674827577
0.0242075827085448
0.8568425825130392
0.9532842966510375
0.8491738139880699
0.0642916974910962
0.5505597328536956
0.2574300720623834
0.6272211524784663
0.7059097055838954
0.2244217485303160
0.8563275490218436
0.2971164101255668
0.6355049804018368
0.9322056136709664
0.5797489679324203
0.8409040401880182
0.0742034400227496
0.1372164623519482
0.1970827491940385
0.3697657042042193
0.6521905603130304
0.3667471811020501
0.9198727821558121
0.3018496927348197
0.1877857941145943
0.1158416839855917
0.9511827458400199
0.5284093332143543
0.9756633336542470
0.9736487269278843
0.1141534769507840
0.5774871118261885
0.8258884627492579
0.7073934267775125
0.1613238496525790
0.3699411108949879
0.6002508120612478
0.4153983133916735
0.5994531738569276
0.0094930133826532
0.5490759222531113
0.3190253080423108
0.8583522671174035
0.3265534422018349
0.3837030862382162
0.8977704056993920
0.8272085896819870
0.8947667851554075
0.3453581069341666
0.4337032425374273
0.2503973265413182
0.4278671799357362
0.1636931799183102
0.1912748870399198
0.7570264799320262
0.3440482175648437
0.4183926123280044
0.9246353967695662
0.3471135060987964
0.9366970024708179
0.0665205270361717
0.0104978969369540
0.4381538193850563
0.0512424046412308
0.2310948051657038
0.0103904199834868
0.6317886624633282
0.4720500211566920
0.7447055805217035
0.2666918282707649
0.2895577467463714
0.5970495662638217
0.6120601960514022
0.8957150359152420
0.2826086274732876
0.8032019435442993
0.4150651490385948
0.9999598916619830
0.3258991629471533
0.3872316528052239
0.2023886973980762
0.5468371694659987
0.6923072150406927
0.6073631889221087
0.9531162138809991
0.0242066979520985
0.8419724809201307
0.0314868246351773
0.1990616434249383
0.6290410429374506
0.2928086497321765
0.2349760486907214
0.2424503449548270
0.8629476557778882
0.5612506589671833
0.9398252614493600
0.6431691793925917
0.7443980512881643
0.0980480001764596
0.8927389657556727
0.2637974555901240
0.6438361032138746
0.9533867155915996
0.5705289480139171
0.8800292699039118
0.6519392750467823
0.1433957112689483
0.0517192972133492
0.2462282647594010
0.3584458112523173
0.3987497176969190
0.7865053321172042
0.7951168938517184
0.5296349658303126
0.5748707100631999
0.8520240321997665
0.9679091814755970
0.6496130603596629
0.0467054648542337
0.9787478051049392
0.8143603987127358
0.9552211649507383
0.4021193270581399
0.4195298661568807
0.0384604986936136
0.4056015435632325
0.9451426672493772
0.0128084602825383
0.2717919686212167
0.0076166167890730
0.0124783739505701
0.7240309872310753
0.7888023926824342
0.4018138136723143
0.2847663905866288
0.0687265894695775
0.0877892151883753
0.4733396710238139
0.4198508972394517
0.4340299034649646
0.7405875356591248
0.0547118229114971
0.5416076735321468
0.8001690547914100
0.4413038792280964
0.9942981866161796
0.1696224581308768
0.8446538056454872
0.0965114837030468
0.0685065971075122
0.3903775859579340
0.0760871949959952
0.7974862976919330
0.3522053083182337
0.5146169045542446
0.1663148431881866
0.2535694638516612
0.7419789548693126
0.4402944885381938
0.0294688614222542
0.2831539238258982
0.9679977418705811
0.1380476188557444
0.1663301084965142
0.5101335009141515
0.8137498641450656
0.6939666861174473
0.4980935759367857
0.4587307695572874
0.8880439493283834
0.3546563621399255
0.7094784857283711
0.2049096367344771
0.9162645963562022
0.6590709586902852
0.0056027076233191
0.1647070251240893
0.2309712605695106
0.9339763917652780
0.3412163990276011
0.8240184568911877
0.2782049701913283
0.7909340056548519
0.2278330410960284
0.1899217009497442
0.0140278623504694
0.7662825243390550
0.9103865664966342
0.8670231089308034
0.0573918000130876
0.5839828199632385
0.9992551221508790
0.4808379898224203
0.4440949454177613
0.9037476363143639
0.2865235355154255
0.6010614077565546
0.0390801644134708
0.8203232972046003
0.1736561177175753
0.6383704792886835
0.0926454049035187
0.0913202134386265
0.8188272629952185
0.0298091606375804
0.0025628358137621
0.0735815218992445
0.6846385606027388
0.7202880502307266
0.8812602278223541
0.3406490103065264
0.2879162217899767
0.0079396241381483
0.4412628898589233
0.3053898589244997
0.6873589440655703
0.4417729100406975
0.8772990540029942
0.7652006283240396
0.7269602421331034
0.0207895310692440
0.4096486807845759
0.9653779463681290
0.1071446091435592
0.7794458757990254
0.1468345542190757
0.8483527600059065
0.2648374192718591
0.1225057021353886
0.9533357894762120
0.7146137266953539
0.5129045688141625
0.3870880596279577
0.7890181670845571
0.0283341901508785
0.2127338658146252
0.4180827464061243
0.7167188477314631
0.8936738226998941
