0.0029038926600031
0.0029520802213587
0.0044289617819846
0.0089050540742022
0.0090590165970191
0.0092997718645724
0.0093589900105069
0.0100044012116289
0.0175014338537592
0.0189066445542996
0.0190610298975655
0.0198398009034990
0.0207734173260505
0.0226884246909471
0.0336064589366347
0.0339279305347837
0.0356810242103790
0.0366616142153096
0.0372200720185507
0.0417949520246102
0.0422690804313259
0.0468017775783324
0.0496379202462909
0.0509305768883464
0.0520435162130946
0.0581270116652022
0.0614115237544344
0.0625308314629508
0.0641812947877596
0.0707590319545749
0.0758840432743933
0.0813904577313878
0.0821775957393356
0.0836014897020541
0.0873307977278395
0.0902374224226165
0.0926535726025019
0.0927531132906457
0.0937539008882613
0.0963365762011784
0.0975327971845552
0.0985005107235632
0.0990781658790438
0.1003561243882199
0.1005194122439806
0.1022414230286337
0.1029474223511980
0.1029674173812230
0.1104361489929427
0.1112380535859792
0.1137643042550256
0.1158792186136726
0.1173936860251211
0.1203720267491285
0.1282302742489755
0.1288362132053991
0.1313037719257659
0.1318226131293097
0.1346408017606665
0.1388249989314121
0.1389438715479075
0.1405753722137657
0.1434797407796047
0.1439711638465389
0.1465987801303150
0.1525835144112741
0.1528711990233842
0.1558052022735613
0.1588515910128372
0.1595121958104485
0.1642474723813345
0.1662193025305026
0.1665112595849257
0.1683940981367575
0.1703674957018194
0.1703737378913787
0.1705457308192485
0.1717501167076408
0.1717506484928311
0.1732753604526051
0.1757539022600995
0.1762145032064125
0.1764577423112736
0.1793398136176820
0.1853220472975271
0.1866895897251971
0.1876740707958462
0.1915586726700695
0.1918713204524812
0.1924035461584123
0.1944871759947795
0.1965194834380036
0.1969478769213650
0.1976380283933310
0.1978520723981094
0.1984018377020964
0.1989239417942818
0.1996073844840784
0.2000146150589057
0.2011294314643040
0.2017771728345087
0.2067339290896123
0.2073884211515022
0.2092466029381596
0.2119506011772671
0.2141882196134833
0.2158023399374459
0.2193183555357709
0.2194065233782896
0.2248819788102442
0.2252373738331894
0.2263147850643447
0.2266197447788993
0.2267284981099556
0.2285947302489517
0.2287667553074503
0.2296491056818744
0.2300931882253351
0.2317570402434827
0.2324872302042726
0.2337222808197710
0.2341076933006326
0.2341596527184172
0.2369190250695306
0.2373274565848184
0.2381078657871614
0.2389831269341443
0.2412722395925188
0.2427943522309858
0.2433791301415205
0.2470500605399953
0.2518763412963023
0.2537539863277944
0.2548919460991826
0.2559846687391329
0.2576362678118219
0.2589749862714554
0.2607593947373141
0.2616377264548269
0.2618646702085923
0.2627060032741660
0.2634322388393023
0.2640546161048369
0.2645255794117812
0.2689438295871689
0.2693511435153667
0.2801665907167674
0.2822752433280811
0.2837298625538731
0.2841797612068149
0.2856681669529845
0.2865674077936297
0.2875210006197547
0.2900478734122812
0.2908146871676737
0.2908184213055384
0.2932656706745111
0.2943383736043881
0.2965451065900480
0.2997807950246059
0.2997970289084115
0.3012657278688931
0.3013797850820142
0.3036432668118008
0.3048449523303867
0.3058073694379103
0.3062419860187182
0.3063455490890637
0.3077195795754528
0.3082269361746623
0.3087070744059547
0.3101147782570285
0.3105825895027177
0.3146897364941844
0.3188574534463032
0.3235066613757548
0.3241626570579422
0.3243537807484874
0.3254928534503527
0.3267086829648859
0.3269798496398050
0.3302630019980776
0.3323853059356964
0.3328272529564925
0.3329379331939565
0.3343274986065586
0.3373844736895452
0.3384227875333385
0.3423631542093880
0.3433328929093354
0.3452685262753016
0.3469345147474364
0.3471604615203852
0.3502353431425222
0.3531318695066180
0.3546441986014341
0.3563708860223977
0.3587294883833870
0.3620978791090184
0.3635195942425726
0.3652205548087231
0.3654574162165902
0.3665002604790499
0.3669687376203801
0.3679467716105034
0.3701162875490804
0.3715968422459424
0.3730882924856098
0.3741545702210416
0.3785511219774145
0.3807766984127353
0.3823546205565122
0.3831153127286189
0.3843681730257199
0.3851290891809059
0.3876767095120981
0.3881293993387974
0.3882492894252060
0.3903637423135171
0.3933332694663356
0.3959311271998711
0.3975555339816751
0.3998368612489835
0.4054121963704993
0.4077743521927736
0.4087224106344964
0.4121931485888516
0.4128780432105428
0.4134117897662389
0.4139930398268593
0.4144548482328909
0.4158219785503214
0.4158617050460827
0.4164348092938004
0.4182081704112739
0.4208493001856140
0.4281276275534777
0.4297615845826275
0.4306408178203929
0.4338132028625408
0.4375606698158945
0.4388365430938250
0.4397995408809742
0.4399762686528155
0.4428032657330871
0.4449864674569045
0.4475337851082598
0.4477586776240536
0.4528016254551716
0.4538430596952527
0.4555587458682986
0.4597033473941047
0.4635373039466968
0.4640032828152195
0.4664321706939639
0.4675324165576754
0.4711267102840946
0.4714127404016502
0.4726863114501751
0.4730402885344999
0.4741999597634189
0.4761239841934871
0.4800948274694825
0.4843821029571733
0.4869549518856010
0.4915440457368009
0.4949318056436869
0.4980837309258448
0.4981329429420330
0.5029490201282077
0.5031742753941446
0.5050458943029148
0.5056381721541463
0.5069572583338978
0.5072683130890450
0.5125555305334533
0.5208016757484534
0.5212832384376243
0.5240710068140509
0.5254813784386411
0.5257797779169771
0.5266115658574791
0.5291138168094278
0.5345325416580460
0.5396862591335951
0.5410362912998704
0.5426588643075241
0.5444448373953089
0.5503328962020263
0.5546709492591541
0.5547398438466433
0.5577504157823280
0.5583879400782231
0.5611765610804672
0.5636918780224826
0.5645420144146970
0.5654384189124398
0.5709682100317293
0.5733839262152947
0.5736410615842981
0.5758418084941068
0.5771462091138336
0.5771942932983833
0.5779666195520976
0.5805082193485034
0.5820272399960212
0.5831473500389360
0.5894143821622312
0.5914178637747736
0.5925942643511082
0.5955962806919572
0.5974757590319383
0.5978965976265709
0.5993528983552721
0.6016425902962883
0.6022321845415198
0.6036783892678462
0.6042115053181590
0.6095804966099470
0.6131492190124230
0.6156122803760750
0.6180346117438910
0.6184430148538402
0.6203586569150717
0.6241331271008277
0.6258677340233083
0.6301511091320547
0.6343787962730876
0.6367382032967817
0.6371553901755974
0.6435731857286642
0.6446779461785582
0.6456352950286285
0.6477999429441057
0.6478176301567897
0.6480013037323957
0.6502807967598926
0.6530673497603589
0.6585380875778096
0.6589828090085568
0.6672438251167739
0.6681853726823747
0.6693699363010795
0.6706426812664804
0.6714674321336055
0.6725925764406997
0.6738204349176122
0.6739391110250443
0.6770870120623554
0.6811472478700556
0.6824567698326226
0.6853825928109617
0.6862628016091245
0.6878431908264026
0.6886648636724171
0.6909739038399300
0.6919345113876902
0.6944620794125190
0.6950214978749963
0.6953769934807797
0.6973548404394438
0.6975353200442788
0.7000308328773970
0.7003263145221054
0.7023432067140672
0.7044581429587948
0.7076489295380418
0.7086126653983317
0.7099617247981772
0.7108835865328478
0.7125191952625844
0.7139702228428657
0.7158596300128194
0.7163255893235679
0.7171534391665615
0.7199934952519804
0.7208398765515722
0.7218122290083264
0.7224472270917367
0.7233507687800335
0.7248944713384353
0.7252750255750842
0.7253973431537847
0.7258767731142588
0.7264002844348552
0.7302483328293303
0.7302745816904468
0.7318009490760979
0.7323555679676848
0.7403042981123106
0.7423038444213121
0.7426342501969236
0.7428940565990723
0.7459669442595760
0.7496435398932749
0.7522599207015056
0.7531463856590662
0.7598901767096902
0.7605873666520172
0.7625628210429860
0.7627843989817353
0.7639750241134199
0.7655274182397535
0.7687174117978278
0.7698778713913066
0.7716670300679593
0.7723003536333797
0.7750820497866171
0.7790541852726853
0.7802251073439722
0.7807274506337603
0.7812828448513909
0.7827010875487239
0.7852068821830707
0.7856677071124630
0.7980504989614945
0.8013110239064838
0.8014117320074754
0.8022036495628784
0.8031090888209218
0.8034594099984781
0.8040107636731169
0.8054671836111076
0.8057239366721939
0.8070151097173873
0.8076555816492325
0.8109257313473736
0.8138977414061771
0.8159191160536926
0.8173250848508091
0.8186901527543972
0.8204092606065838
0.8204388575723576
0.8224947563477302
0.8237553480191879
0.8241686862074624
0.8247201022807137
0.8261088946955786
0.8276404397690857
0.8280087084639858
0.8335400860912819
0.8346084402103948
0.8347360458386764
0.8388529917406164
0.8402781383321984
0.8429739246345004
0.8432482112400458
0.8434170632825313
0.8481163097769564
0.8496834742136689
0.8500465493882292
0.8544558132320902
0.8561341584921508
0.8571784314034406
0.8614070438134517
0.8627513320477452
0.8636479004582613
0.8646018634851099
0.8709100451650610
0.8717900728209830
0.8787237437808532
0.8789002848225181
0.8814131738065804
0.8828564523173759
0.8849748121038893
0.8856976502042718
0.8875585481932193
0.8884276467787231
0.8946389979192237
0.8958352854921647
0.8980543436007827
0.9000496603083097
0.9007131889931453
0.9015750758822891
0.9029581425259626
0.9044874659294669
0.9059386229635862
0.9079551915209532
0.9112121671956089
0.9161270265076901
0.9204069831969249
0.9214749862074270
0.9281211089939443
0.9283893601635421
0.9294230914346050
0.9306747000341652
0.9314788612218010
0.9330541011565617
0.9406850570536615
0.9424611739546346
0.9449506555427567
0.9450451689516405
0.9496911824446597
0.9537652795919056
0.9556843978146484
0.9575121043983438
0.9579118303758613
0.9590057297418852
0.9600364626199177
0.9615817721754227
0.9659328739931494
0.9689380889613824
0.9693939238644177
0.9720688508693449
0.9810203700238003
0.9827698822984332
0.9846690627674893
0.9899273286526684
0.9902057624376406
0.9904012577563530
0.9916312941311073
0.9928345908377481
